200811_124421_727261 :: grs:12.0:200811_124330_273408	log/no_ibt_detrac_0_59_100_100/lk_wrapper_tmpls2_svm_min10_active_pt_svm/DETRAC_60_99_100_100/max_lost0	37.701641	95.872088	23.464526	24.282801	99.215425	2319.000000	338.000000	537.000000	1444.000000	56334.000000	23.156533	0.021532	153393.000000	1213.000000	478301.000000	2.882699	7.536198	82.966826	24.079697	14.575248	70.000000	183.000000	62.268219	14.575248	62.268219	23.156533


200811_195936_161554 :: x99:12.0:200811_131544_681593	log/no_ibt_detrac_0_59_100_100/lk_wrapper_tmpls2_svm_min10_active_pt_svm/DETRAC_60_99_100_100/max_lost0_active_abs	64.321545	72.470074	57.820242	75.500480	94.629928	2319.000000	1348.000000	758.000000	212.000000	56334.000000	32.686503	0.480438	476932.000000	27065.000000	154762.000000	71.032661	68.926714	78.142155	70.366981	58.128504	5363.000000	5204.000000	9.141871	58.128504	9.141871	32.686503
200811_175311_916340 :: x99:12.1:200811_131544_681648	log/no_ibt_detrac_0_59_100_100/lk_wrapper_tmpls2_svm_min10_active_pt_svm/DETRAC_60_99_100_100/max_lost0_lost_abs	42.428212	97.385877	27.122309	27.746029	99.625417	2319.000000	436.000000	463.000000	1420.000000	56334.000000	19.965502	0.011698	175270.000000	659.000000	456424.000000	1.946224	2.342678	87.694117	27.633158	18.801207	54.000000	65.000000	61.233290	18.801207	61.233290	19.965502
200811_151238_764733 :: x99:12.2:200811_131544_681666	log/no_ibt_detrac_0_59_100_100/lk_wrapper_tmpls2_svm_min10_active_pt_svm/DETRAC_60_99_100_100/max_lost0_tracked_abs	42.189433	97.208577	26.941051	27.575060	99.496207	2319.000000	436.000000	460.000000	1423.000000	56334.000000	19.836136	0.015657	174190.000000	882.000000	457504.000000	2.030821	1.631909	99.579940	27.426570	18.801207	56.000000	45.000000	61.362656	18.801207	61.362656	19.836136
200811_161404_602888 :: x99:13.0:200811_131544_681680	log/no_ibt_detrac_0_59_100_100/lk_wrapper_tmpls2_svm_min10_active_pt_svm/DETRAC_60_99_100_100/max_lost0_active_abs_lost_abs_tracked_abs	82.611082	81.960608	83.271964	88.318553	86.927724	2319.000000	1996.000000	214.000000	109.000000	56334.000000	9.228116	1.489296	557903.000000	83898.000000	73791.000000	6.589782	7.144592	99.832330	74.944989	86.071583	582.000000	631.000000	4.700302	86.071583	4.700302	9.228116

200811_180151_826203 :: x99:6.0:200811_131318_676454	log/no_ibt_detrac_0_59_100_100/lk_wrapper_tmpls2_svm_min10_active_pt_svm/DETRAC_60_99_100_100/max_lost0_active_oracle	50.618720	98.416030	34.071402	34.201528	98.791903	2319.000000	689.000000	386.000000	1243.000000	56334.000000	16.645106	0.046899	216049.000000	2642.000000	415645.000000	0.467815	19.999106	80.015374	33.780755	29.711082	16.000000	684.000000	53.600690	29.711082	53.600690	16.645106
200811_173920_381173 :: x99:6.1:200811_131318_676556	log/no_ibt_detrac_0_59_100_100/lk_wrapper_tmpls2_svm_min10_active_pt_svm/DETRAC_60_99_100_100/max_lost0_lost_oracle	40.637294	95.704779	25.795084	26.568402	98.573937	2319.000000	395.000000	498.000000	1426.000000	56334.000000	21.474774	0.043100	167831.000000	2428.000000	463863.000000	4.064979	21.002392	82.063642	26.166942	17.033204	108.000000	558.000000	61.492022	17.033204	61.492022	21.474774
200811_174852_293626 :: x99:6.2:200811_131318_676598	log/no_ibt_detrac_0_59_100_100/lk_wrapper_tmpls2_svm_min10_active_pt_svm/DETRAC_60_99_100_100/max_lost0_tracked_oracle	37.430936	95.581447	23.272344	24.154100	99.202892	2319.000000	333.000000	539.000000	1447.000000	56334.000000	23.242777	0.021763	152580.000000	1226.000000	479114.000000	3.187865	8.280168	82.849428	23.947829	14.359638	77.000000	200.000000	62.397585	14.359638	62.397585	23.242777
200811_184349_312983 :: x99:7.0:200811_131318_676631	log/no_ibt_detrac_0_59_100_100/lk_wrapper_tmpls2_svm_min10_active_pt_svm/DETRAC_60_99_100_100/max_lost0_active_oracle_lost_oracle_tracked_oracle	72.887811	95.355907	58.988688	59.338382	95.921193	2319.000000	1390.000000	454.000000	473.000000	56334.000000	19.577404	0.282937	374837.000000	15939.000000	256857.000000	3.876075	77.656313	78.422411	56.778757	59.939629	230.000000	4608.000000	20.396723	59.939629	20.396723	19.577404

200806_043801_557818 :: grs:12.0:200805_082036_021506	log/no_ibt_detrac_0_59_100_100/lk_wrapper_tmpls2_svm_min10_active_pt_svm/DETRAC_60_99_100_100/max_lost0_active_random	57.028253	49.794254	66.721387	77.853359	58.102059	2319.000000	1579.000000	591.000000	147.000000	56334.000000	25.485123	6.295275	491795.000000	354638.000000	139899.000000	27.757312	97.902005	77.594240	21.370474	68.089694	2161.000000	7622.000000	6.338939	68.089694	6.338939	25.485123
200805_215300_662033 :: grs:12.1:200805_082036_021586	log/no_ibt_detrac_0_59_100_100/lk_wrapper_tmpls2_svm_min10_active_pt_svm/DETRAC_60_99_100_100/max_lost0_lost_random	32.348135	72.843902	20.790288	26.074492	91.358415	2319.000000	353.000000	580.000000	1386.000000	56334.000000	25.010781	0.276565	164711.000000	15580.000000	466983.000000	68.074194	98.256949	81.957695	23.327117	15.222078	1775.000000	2562.000000	59.767141	15.222078	59.767141	25.010781
200805_153516_834255 :: grs:12.3:200805_082036_021633	log/no_ibt_detrac_0_59_100_100/lk_wrapper_tmpls2_svm_min10_active_pt_svm/DETRAC_60_99_100_100/max_lost0_tracked_random	40.164232	93.608216	25.567126	26.755834	97.960402	2319.000000	397.000000	504.000000	1418.000000	56334.000000	21.733506	0.062467	169015.000000	3519.000000	462679.000000	3.774878	20.556264	81.855393	26.182772	17.119448	101.000000	550.000000	61.147046	17.119448	61.147046	21.733506

200805_233151_778199 :: grs:12.0:200805_082035_947698	log/no_ibt_detrac_0_59_100_100/lk_wrapper_tmpls2_svm_min10_active_pt_svm/DETRAC_60_99_100_100/max_lost0_active_pos	56.480180	48.799670	67.029923	78.332547	57.028299	2319.000000	1601.000000	574.000000	142.000000	56334.000000	24.752048	6.618667	494822.000000	372856.000000	136872.000000	29.706681	99.996748	77.571682	18.939392	69.038379	2327.000000	7833.000000	6.123329	69.038379	6.123329	24.752048
200805_195449_904556 :: grs:12.1:200805_082035_947778	log/no_ibt_detrac_0_59_100_100/lk_wrapper_tmpls2_svm_min10_active_pt_svm/DETRAC_60_99_100_100/max_lost0_lost_pos	33.958769	75.085324	21.941003	27.701545	94.798743	2319.000000	393.000000	541.000000	1385.000000	56334.000000	23.329021	0.170430	174989.000000	9601.000000	456705.000000	28.193373	43.896468	81.742901	26.058028	16.946960	781.000000	1216.000000	59.724019	16.946960	59.724019	23.329021
200805_120557_445785 :: grs:12.3:200805_082035_947826	log/no_ibt_detrac_0_59_100_100/lk_wrapper_tmpls2_svm_min10_active_pt_svm/DETRAC_60_99_100_100/max_lost0_tracked_pos	40.537300	93.899017	25.848116	26.991708	98.053367	2319.000000	400.000000	501.000000	1418.000000	56334.000000	21.604140	0.060088	170505.000000	3385.000000	461189.000000	3.482551	18.487159	81.858218	26.440967	17.248814	94.000000	499.000000	61.147046	17.248814	61.147046	21.604140
200805_211206_456641 :: grs:13.0:200805_082035_947847	log/no_ibt_detrac_0_59_100_100/lk_wrapper_tmpls2_svm_min10_active_pt_svm/DETRAC_60_99_100_100/max_lost0_active_pos_lost_pos_tracked_pos	43.708772	37.811153	51.786150	77.473112	56.566239	2319.000000	1560.000000	620.000000	137.000000	56334.000000	26.735662	6.670483	489393.000000	375775.000000	142301.000000	106.217496	144.966424	77.507967	16.683552	67.270375	8229.000000	11231.000000	5.907719	67.270375	5.907719	26.735662

200806_020706_329978 :: grs:13.0:200805_082036_410716	log/no_ibt_detrac_0_59_100_100/lk_wrapper_tmpls2_svm_min10_active_pt_svm/DETRAC_60_99_100_100/max_lost0_trd24	40.605843	90.396891	26.183722	27.242146	94.051002	2319.000000	418.000000	482.000000	1419.000000	56334.000000	20.784821	0.193223	172087.000000	10885.000000	459607.000000	2.532840	7.304858	81.622474	25.508078	18.025011	69.000000	199.000000	61.190168	18.025011	61.190168	20.784821

200806_072143_382533 :: grs:12.0:200805_082036_410507	log/no_ibt_detrac_0_59_100_100/lk_wrapper_tmpls2_svm_min10_active_pt_svm/DETRAC_60_99_100_100/max_lost0_trd24_active_oracle	68.982402	87.975335	56.734115	57.773067	89.586397	2319.000000	1316.000000	387.000000	615.000000	56334.000000	16.688228	0.753044	364949.000000	42422.000000	266745.000000	2.077092	31.762205	77.600734	51.038477	56.748599	120.000000	1835.000000	26.520052	56.748599	26.520052	16.688228
200805_234823_288248 :: grs:12.1:200805_082036_410642	log/no_ibt_detrac_0_59_100_100/lk_wrapper_tmpls2_svm_min10_active_pt_svm/DETRAC_60_99_100_100/max_lost0_trd24_lost_oracle	41.615281	96.710728	26.511729	27.118510	98.924172	2319.000000	413.000000	482.000000	1424.000000	56334.000000	20.784821	0.033071	171306.000000	1863.000000	460388.000000	2.618138	7.485662	82.225246	26.812349	17.809401	71.000000	203.000000	61.405778	17.809401	61.405778	20.784821
200805_182852_682348 :: grs:12.3:200805_082036_410693	log/no_ibt_detrac_0_59_100_100/lk_wrapper_tmpls2_svm_min10_active_pt_svm/DETRAC_60_99_100_100/max_lost0_trd24_active_oracle_lost_oracle_tracked_oracle	78.382009	96.597365	65.946487	66.005218	96.683393	2319.000000	1592.000000	387.000000	339.000000	56334.000000	16.688228	0.253896	416951.000000	14303.000000	214743.000000	0.681764	29.709772	78.200024	63.733865	68.650280	45.000000	1961.000000	14.618370	68.650280	14.618370	16.688228



200811_193434_774399 :: grs:12.0:200811_190915_250229	log/no_ibt_gram_0_2_40_n60/lk_wrapper_tmpls2_svm_min10_active_pt_svm/GRAM_0_2_40_n60/max_lost0	59.878737	56.024504	64.302455	66.275561	57.743603	450.000000	337.000000	98.000000	15.000000	24207.000000	21.777778	1.367786	45245.000000	33110.000000	23023.000000	0.980754	5.567663	73.628522	17.680319	74.888889	65.000000	369.000000	3.333333	74.888889	3.333333	21.777778

200804_223859_834866 :: grs:12.0:200804_223846_577299	log/no_ibt_gram_0_2_40_n60/lk_wrapper_tmpls2_svm_min10_active_pt_svm/GRAM_0_2_40_n60/max_lost0_active_abs	70.260290	75.042021	66.051444	68.597293	77.934397	450.000000	363.000000	76.000000	11.000000	24207.000000	16.888889	0.547734	46830.000000	13259.000000	21438.000000	1.836807	6.676648	73.644321	48.990742	80.666667	126.000000	458.000000	2.444444	80.666667	2.444444	16.888889
200805_164255_166627 :: grs:12.1:200805_082035_691722	log/no_ibt_gram_0_2_40_n60/lk_wrapper_tmpls2_svm_min10_active_pt_svm/GRAM_0_2_40_n60/max_lost0_lost_abs	70.898396	70.214478	71.595770	73.230503	71.817672	450.000000	410.000000	27.000000	13.000000	24207.000000	6.000000	0.810427	49993.000000	19618.000000	18275.000000	0.477943	0.477943	92.523035	44.442491	91.111111	35.000000	35.000000	2.888889	91.111111	2.888889	6.000000
200805_151051_191312 :: grs:12.2:200805_082035_691788	log/no_ibt_gram_0_2_40_n60/lk_wrapper_tmpls2_svm_min10_active_pt_svm/GRAM_0_2_40_n60/max_lost0_tracked_abs	60.431089	56.208574	65.339544	72.060116	61.989970	450.000000	394.000000	41.000000	15.000000	24207.000000	9.111111	1.246086	49194.000000	30164.000000	19074.000000	3.386062	1.124061	95.734159	27.518017	87.555556	244.000000	81.000000	3.333333	87.555556	3.333333	9.111111
200805_143424_847488 :: grs:13.0:200805_082035_691816	log/no_ibt_gram_0_2_40_n60/lk_wrapper_tmpls2_svm_min10_active_pt_svm/GRAM_0_2_40_n60/max_lost0_active_abs_lost_abs_tracked_abs	86.085135	98.486735	76.457491	77.273393	99.537718	450.000000	439.000000	9.000000	2.000000	24207.000000	2.000000	0.010121	52753.000000	245.000000	15515.000000	0.155293	0.232939	99.788706	76.896936	97.555556	12.000000	18.000000	0.444444	97.555556	0.444444	2.000000

200804_114256_272117 :: orca:12.0:200804_114138_343760	log/no_ibt_gram_0_2_40_n60/lk_wrapper_tmpls2_svm_min10_active_pt_svm/GRAM_0_2_40_n60/max_lost0_active_oracle	69.315433	79.430410	61.485616	61.941173	80.018923	450.000000	329.000000	66.000000	55.000000	24207.000000	14.666667	0.436196	42286.000000	10559.000000	25982.000000	0.177588	5.085470	73.667462	46.458077	73.111111	11.000000	315.000000	12.222222	73.111111	12.222222	14.666667
200805_151834_588776 :: orca:12.1:200805_082006_393386	log/no_ibt_gram_0_2_40_n60/lk_wrapper_tmpls2_svm_min10_active_pt_svm/GRAM_0_2_40_n60/max_lost0_lost_oracle	64.604589	64.746212	64.463585	66.561200	66.853023	450.000000	341.000000	93.000000	16.000000	24207.000000	20.666667	0.930723	45440.000000	22530.000000	22828.000000	0.766212	6.114673	73.648053	33.484209	75.777778	51.000000	407.000000	3.555556	75.777778	3.555556	20.666667
200805_164043_581443 :: orca:12.2:200805_082006_393410	log/no_ibt_gram_0_2_40_n60/lk_wrapper_tmpls2_svm_min10_active_pt_svm/GRAM_0_2_40_n60/max_lost0_tracked_oracle	59.762295	55.794515	64.337611	66.175954	57.388753	450.000000	335.000000	98.000000	17.000000	24207.000000	21.777778	1.385715	45177.000000	33544.000000	23091.000000	0.921785	5.681822	73.803587	16.950841	74.444444	61.000000	376.000000	3.777778	74.444444	3.777778	21.777778
200805_152935_239288 :: orca:13.0:200805_082006_393429	log/no_ibt_gram_0_2_40_n60/lk_wrapper_tmpls2_svm_min10_active_pt_svm/GRAM_0_2_40_n60/max_lost0_active_oracle_lost_oracle_tracked_oracle	76.321238	93.386047	64.529501	64.705279	93.640430	450.000000	355.000000	64.000000	31.000000	24207.000000	14.222222	0.123931	44173.000000	3000.000000	24095.000000	0.061819	5.996420	73.451611	60.304975	78.888889	4.000000	388.000000	6.888889	78.888889	6.888889	14.222222

200805_180419_314260 :: grs:12.0:200805_082035_871341	log/no_ibt_gram_0_2_40_n60/lk_wrapper_tmpls2_svm_min10_active_pt_svm/GRAM_0_2_40_n60/max_lost0_active_pos	42.051867	30.882747	65.877131	68.387824	32.059742	450.000000	358.000000	80.000000	12.000000	24207.000000	17.777778	4.087165	46687.000000	98938.000000	21581.000000	1.857056	6.550874	73.498046	-76.724087	79.555556	127.000000	448.000000	2.666667	79.555556	2.666667	17.777778
200805_180126_035181 :: grs:12.1:200805_082035_871430	log/no_ibt_gram_0_2_40_n60/lk_wrapper_tmpls2_svm_min10_active_pt_svm/GRAM_0_2_40_n60/max_lost0_lost_pos	55.512718	50.042930	62.324955	66.485030	53.383202	450.000000	339.000000	95.000000	16.000000	24207.000000	21.111111	1.637336	45388.000000	39635.000000	22880.000000	2.978114	6.979015	73.606845	8.137048	75.333333	198.000000	464.000000	3.555556	75.333333	3.555556	21.111111
200805_162212_593821 :: grs:12.2:200805_082035_871459	log/no_ibt_gram_0_2_40_n60/lk_wrapper_tmpls2_svm_min10_active_pt_svm/GRAM_0_2_40_n60/max_lost0_tracked_pos	59.930551	56.086318	64.340540	66.341478	57.830556	450.000000	336.000000	97.000000	17.000000	24207.000000	21.555556	1.364275	45290.000000	33025.000000	22978.000000	1.009926	5.064705	73.417901	17.867815	74.666667	67.000000	336.000000	3.777778	74.666667	3.777778	21.555556
200805_161152_915623 :: grs:13.0:200805_082035_871482	log/no_ibt_gram_0_2_40_n60/lk_wrapper_tmpls2_svm_min10_active_pt_svm/GRAM_0_2_40_n60/max_lost0_active_pos_lost_pos_tracked_pos	39.692266	28.756610	64.049042	68.752563	30.868387	450.000000	363.000000	78.000000	9.000000	24207.000000	17.333333	4.342380	46936.000000	105116.000000	21332.000000	3.287150	7.068827	73.163120	-85.553993	80.666667	226.000000	486.000000	2.000000	80.666667	2.000000	17.333333

200805_145231_747766 :: orca:12.0:200805_082006_452141	log/no_ibt_gram_0_2_40_n60/lk_wrapper_tmpls2_svm_min10_active_pt_svm/GRAM_0_2_40_n60/max_lost0_active_random	42.721876	31.561901	66.090994	68.272104	32.603495	450.000000	360.000000	77.000000	13.000000	24207.000000	17.111111	3.980088	46608.000000	96346.000000	21660.000000	1.611200	6.342268	73.492169	-73.018105	80.000000	110.000000	433.000000	2.888889	80.000000	2.888889	17.111111
200805_160433_037094 :: orca:12.1:200805_082006_452287	log/no_ibt_gram_0_2_40_n60/lk_wrapper_tmpls2_svm_min10_active_pt_svm/GRAM_0_2_40_n60/max_lost0_lost_random	49.292085	44.133146	55.816781	64.563192	51.048749	450.000000	310.000000	124.000000	16.000000	24207.000000	27.555556	1.745983	44076.000000	42265.000000	24192.000000	17.006594	11.678481	73.501665	1.044413	68.888889	1098.000000	754.000000	3.555556	68.888889	3.555556	27.555556
200805_173415_918899 :: orca:12.2:200805_082006_452317	log/no_ibt_gram_0_2_40_n60/lk_wrapper_tmpls2_svm_min10_active_pt_svm/GRAM_0_2_40_n60/max_lost0_tracked_random	59.875665	55.942641	64.403527	66.058768	57.380428	450.000000	334.000000	100.000000	16.000000	24207.000000	22.222222	1.383732	45097.000000	33496.000000	23171.000000	0.938558	5.661625	73.801847	16.902502	74.222222	62.000000	374.000000	3.555556	74.222222	3.555556	22.222222
200805_173327_128846 :: orca:13.0:200805_082006_452334	log/no_ibt_gram_0_2_40_n60/lk_wrapper_tmpls2_svm_min10_active_pt_svm/GRAM_0_2_40_n60/max_lost0_active_random_lost_random_tracked_random	27.340949	19.126261	47.924357	65.061229	25.965462	450.000000	324.000000	115.000000	11.000000	24207.000000	25.555556	5.231627	44416.000000	126642.000000	23852.000000	36.104452	19.181931	73.623133	-123.886740	72.000000	2349.000000	1248.000000	2.444444	72.000000	2.444444	25.555556

200805_075040_443012 :: x99:12.0:200805_074723_184616	log/no_ibt_gram_0_2_40_n60/lk_wrapper_tmpls2_svm_min10_active_pt_svm/GRAM_0_2_40_n60/max_lost0_trd4	54.573185	50.790486	58.964669	66.030937	56.877169	450.000000	339.000000	89.000000	22.000000	24207.000000	19.777778	1.411864	45078.000000	34177.000000	23190.000000	6.966432	5.300546	73.467350	15.294135	75.333333	460.000000	350.000000	4.888889	75.333333	4.888889	19.777778
200805_075040_911637 :: x99:12.1:200805_074723_184747	log/no_ibt_gram_0_2_40_n60/lk_wrapper_tmpls2_svm_min10_active_pt_svm/GRAM_0_2_40_n60/max_lost0_trd9	55.521807	50.366182	61.853284	66.449874	54.109115	450.000000	336.000000	93.000000	21.000000	24207.000000	20.666667	1.589375	45364.000000	38474.000000	22904.000000	3.130179	5.492862	73.320935	9.787895	74.666667	208.000000	365.000000	4.666667	74.666667	4.666667	20.666667
200804_114331_400267 :: x99:12.2:200804_114148_705128	log/no_ibt_gram_0_2_40_n60/lk_wrapper_tmpls2_svm_min10_active_pt_svm/GRAM_0_2_40_n60/max_lost0_trd14	55.699555	49.631106	63.458722	66.274096	51.833013	450.000000	333.000000	95.000000	22.000000	24207.000000	21.111111	1.736853	45244.000000	42044.000000	23024.000000	1.976640	5.567786	73.282621	4.495518	74.000000	131.000000	369.000000	4.888889	74.000000	4.888889	21.111111
200804_114329_937245 :: x99:13.0:200804_114148_705291	log/no_ibt_gram_0_2_40_n60/lk_wrapper_tmpls2_svm_min10_active_pt_svm/GRAM_0_2_40_n60/max_lost0_trd24	54.245324	47.059457	64.021211	66.058768	48.557185	450.000000	330.000000	99.000000	21.000000	24207.000000	22.000000	1.973685	45097.000000	47777.000000	23171.000000	1.710598	5.949248	73.251073	-4.091229	73.333333	113.000000	393.000000	4.666667	73.333333	4.666667	22.000000
200804_114403_145800 :: orca:12.0:200804_114138_453734	log/no_ibt_gram_0_2_40_n60/lk_wrapper_tmpls2_svm_min10_active_pt_svm/GRAM_0_2_40_n60/max_lost0_trd34	52.518385	44.673049	63.706275	65.847835	46.174785	450.000000	331.000000	97.000000	22.000000	24207.000000	21.555556	2.164704	44953.000000	52401.000000	23315.000000	1.670518	5.862000	73.233046	-11.071073	73.555556	110.000000	386.000000	4.888889	73.555556	4.888889	21.555556
200804_114357_918198 :: orca:12.1:200804_114138_453809	log/no_ibt_gram_0_2_40_n60/lk_wrapper_tmpls2_svm_min10_active_pt_svm/GRAM_0_2_40_n60/max_lost0_trd44	51.027300	42.740436	63.300521	65.522646	44.240812	450.000000	328.000000	99.000000	23.000000	24207.000000	22.000000	2.328954	44731.000000	56377.000000	23537.000000	1.724595	6.058974	73.276165	-17.224761	72.888889	113.000000	397.000000	5.111111	72.888889	5.111111	22.000000
200804_114353_460289 :: orca:12.2:200804_114138_453827	log/no_ibt_gram_0_2_40_n60/lk_wrapper_tmpls2_svm_min10_active_pt_svm/GRAM_0_2_40_n60/max_lost0_trd54	49.820610	41.264834	62.852288	65.220894	42.819911	450.000000	325.000000	102.000000	23.000000	24207.000000	22.666667	2.456190	44525.000000	59457.000000	23743.000000	1.916564	6.041009	73.308761	-22.055722	72.222222	125.000000	394.000000	5.111111	72.222222	5.111111	22.666667
200804_114411_358299 :: orca:13.0:200804_114138_453842	log/no_ibt_gram_0_2_40_n60/lk_wrapper_tmpls2_svm_min10_active_pt_svm/GRAM_0_2_40_n60/max_lost0_trd64	48.814684	40.034890	62.527099	65.102244	41.683705	450.000000	323.000000	104.000000	23.000000	24207.000000	23.111111	2.568596	44444.000000	62178.000000	23824.000000	1.966138	5.898414	73.352576	-26.164528	71.777778	128.000000	384.000000	5.111111	71.777778	5.111111	23.111111
200804_114154_710018 :: orca:13.1:200804_114138_453862	log/no_ibt_gram_0_2_40_n60/lk_wrapper_tmpls2_svm_min10_active_pt_svm/GRAM_0_2_40_n60/max_lost0_trd74	47.826013	38.872852	62.137458	64.826859	40.555326	450.000000	320.000000	107.000000	23.000000	24207.000000	23.777778	2.679762	44256.000000	64869.000000	24012.000000	1.989916	5.923471	73.366884	-30.383196	71.111111	129.000000	384.000000	5.111111	71.111111	5.111111	23.777778

200805_074921_577595 :: x99:12.0:200805_074723_127523	log/no_ibt_gram_0_2_40_n60/lk_wrapper_tmpls2_svm_min10_active_pt_svm/GRAM_0_2_40_n60/max_lost0_trd4_lost_oracle	62.028312	62.248842	61.809340	66.918615	67.394447	450.000000	352.000000	79.000000	19.000000	24207.000000	17.555556	0.913042	45684.000000	22102.000000	22584.000000	2.764552	4.423283	74.039794	34.272280	78.222222	185.000000	296.000000	4.222222	78.222222	4.222222	17.555556
200804_114300_885650 :: x99:12.2:200804_114148_648112	log/no_ibt_gram_0_2_40_n60/lk_wrapper_tmpls2_svm_min10_active_pt_svm/GRAM_0_2_40_n60/max_lost0_trd14_lost_oracle	65.880261	65.539786	66.224292	68.011367	67.308389	450.000000	361.000000	72.000000	17.000000	24207.000000	16.000000	0.931590	46430.000000	22551.000000	21838.000000	0.808688	4.837427	73.856583	34.897756	80.222222	55.000000	329.000000	3.777778	80.222222	3.777778	16.000000
200804_114259_213043 :: x99:13.0:200804_114148_648132	log/no_ibt_gram_0_2_40_n60/lk_wrapper_tmpls2_svm_min10_active_pt_svm/GRAM_0_2_40_n60/max_lost0_trd24_lost_oracle	65.833200	65.338335	66.335618	68.024550	67.001876	450.000000	362.000000	71.000000	17.000000	24207.000000	15.777778	0.944809	46439.000000	22871.000000	21829.000000	0.793831	4.954094	73.850830	34.443663	80.444444	54.000000	337.000000	3.777778	80.444444	3.777778	15.777778

# on train

200812_070242_942888 :: grs:12.0:200812_065112_797654	log/no_ibt_mot15_0_10_100_100/lk_wrapper_tmpls2_svm_min10_active_pt_svm/MOT15_0_10_100_100/max_lost0	47.216828	57.164737	40.218018	53.023431	75.365984	500.000000	113.000000	185.000000	202.000000	5500.000000	37.000000	1.257455	21159.000000	6916.000000	18746.000000	4.941212	13.145132	73.097848	35.035710	22.600000	262.000000	697.000000	40.400000	22.600000	40.400000	37.000000

200805_085229_588726 :: grs:12.0:200805_082035_212461	log/no_ibt_mot15_0_10_100_100/lk_wrapper_tmpls2_svm_min10_active_pt_svm/MOT15_0_10_100_100/max_lost0_active_abs	50.026268	65.239995	40.566345	54.667335	87.917624	500.000000	121.000000	180.000000	199.000000	5500.000000	36.000000	0.545091	21815.000000	2998.000000	18090.000000	5.158474	13.646175	73.016785	46.447814	24.200000	282.000000	746.000000	39.800000	24.200000	39.800000	36.000000
200805_090159_829988 :: grs:12.1:200805_082035_212557	log/no_ibt_mot15_0_10_100_100/lk_wrapper_tmpls2_svm_min10_active_pt_svm/MOT15_0_10_100_100/max_lost0_lost_abs	72.434773	83.185467	64.144844	68.715700	89.113126	500.000000	223.000000	114.000000	163.000000	5500.000000	22.800000	0.609091	27421.000000	3350.000000	12484.000000	1.033243	3.245255	91.812490	60.142839	44.600000	71.000000	223.000000	32.600000	44.600000	32.600000	22.800000
200805_084123_591033 :: grs:12.2:200805_082035_212587	log/no_ibt_mot15_0_10_100_100/lk_wrapper_tmpls2_svm_min10_active_pt_svm/MOT15_0_10_100_100/max_lost0_tracked_abs	60.446163	67.915742	54.456835	64.946749	80.998219	500.000000	191.000000	145.000000	164.000000	5500.000000	29.000000	1.105455	25917.000000	6080.000000	13988.000000	2.879282	5.358236	94.388342	49.241950	38.200000	187.000000	348.000000	32.800000	38.200000	32.800000	29.000000
200805_082807_086060 :: grs:13.0:200805_082035_212608	log/no_ibt_mot15_0_10_100_100/lk_wrapper_tmpls2_svm_min10_active_pt_svm/MOT15_0_10_100_100/max_lost0_active_abs_lost_abs_tracked_abs	74.259738	83.390053	66.931462	72.665080	90.533579	500.000000	239.000000	108.000000	153.000000	5500.000000	21.600000	0.551273	28997.000000	3032.000000	10908.000000	1.004609	3.055113	99.316007	64.884100	47.800000	73.000000	222.000000	30.600000	47.800000	30.600000	21.600000

200805_083200_631199 :: orca:12.0:200805_082005_819415	log/no_ibt_mot15_0_10_100_100/lk_wrapper_tmpls2_svm_min10_active_pt_svm/MOT15_0_10_100_100/max_lost0_active_oracle	41.946036	75.220379	29.081569	33.950633	87.814363	500.000000	98.000000	146.000000	256.000000	5500.000000	29.200000	0.341818	13548.000000	1880.000000	26357.000000	2.179635	11.015995	72.855234	29.054003	19.600000	74.000000	374.000000	51.200000	19.600000	51.200000	29.200000
200805_084222_245982 :: orca:12.1:200805_082005_819470	log/no_ibt_mot15_0_10_100_100/lk_wrapper_tmpls2_svm_min10_active_pt_svm/MOT15_0_10_100_100/max_lost0_lost_oracle	57.007303	74.756018	46.069415	53.116151	86.190631	500.000000	113.000000	181.000000	206.000000	5500.000000	36.200000	0.617455	21196.000000	3396.000000	18709.000000	4.123040	13.818772	73.119041	44.057136	22.600000	219.000000	734.000000	41.200000	22.600000	41.200000	36.200000
200805_084734_585526 :: orca:12.2:200805_082005_819489	log/no_ibt_mot15_0_10_100_100/lk_wrapper_tmpls2_svm_min10_active_pt_svm/MOT15_0_10_100_100/max_lost0_tracked_oracle	47.672965	57.686833	40.621476	52.905651	75.131673	500.000000	114.000000	182.000000	204.000000	5500.000000	36.400000	1.270545	21112.000000	6988.000000	18793.000000	5.084523	13.476821	73.058280	34.719960	22.800000	269.000000	713.000000	40.800000	22.800000	40.800000	36.400000
200805_083138_934288 :: orca:13.0:200805_082005_819510	log/no_ibt_mot15_0_10_100_100/lk_wrapper_tmpls2_svm_min10_active_pt_svm/MOT15_0_10_100_100/max_lost0_active_oracle_lost_oracle_tracked_oracle	50.666431	85.722820	35.960406	36.516727	87.048984	500.000000	118.000000	133.000000	248.000000	5500.000000	26.600000	0.394182	14572.000000	2168.000000	25333.000000	1.643083	13.774509	72.598436	30.933467	23.600000	60.000000	503.000000	49.600000	23.600000	49.600000	26.600000

200805_130502_142913 :: grs:12.0:200805_082035_404899	log/no_ibt_mot15_0_10_100_100/lk_wrapper_tmpls2_svm_min10_active_pt_svm/MOT15_0_10_100_100/max_lost0_active_pos	44.075862	48.172363	40.621476	54.569603	64.713224	500.000000	118.000000	182.000000	200.000000	5500.000000	36.400000	2.158909	21776.000000	11874.000000	18129.000000	5.314314	13.762241	72.976276	24.087207	23.600000	290.000000	751.000000	40.000000	23.600000	40.000000	36.400000
200805_133820_969775 :: grs:12.1:200805_082035_404985	log/no_ibt_mot15_0_10_100_100/lk_wrapper_tmpls2_svm_min10_active_pt_svm/MOT15_0_10_100_100/max_lost0_lost_pos	32.954969	38.491413	28.810926	52.103746	69.610633	500.000000	106.000000	193.000000	201.000000	5500.000000	38.600000	1.650364	20792.000000	9077.000000	19113.000000	25.698728	22.071350	72.692097	26.001754	21.200000	1339.000000	1150.000000	40.200000	21.200000	40.200000	38.600000
200805_111000_068273 :: grs:12.2:200805_082035_405009	log/no_ibt_mot15_0_10_100_100/lk_wrapper_tmpls2_svm_min10_active_pt_svm/MOT15_0_10_100_100/max_lost0_tracked_pos	47.607134	57.671052	40.533768	52.888109	75.248690	500.000000	116.000000	179.000000	205.000000	5500.000000	35.800000	1.262182	21105.000000	6942.000000	18800.000000	4.632421	12.989687	73.060845	34.877835	23.200000	245.000000	687.000000	41.000000	23.200000	41.000000	35.800000
200805_102659_646692 :: grs:13.0:200805_082035_405028	log/no_ibt_mot15_0_10_100_100/lk_wrapper_tmpls2_svm_min10_active_pt_svm/MOT15_0_10_100_100/max_lost0_active_pos_lost_pos_tracked_pos	32.289964	34.698344	30.194211	53.339181	61.295896	500.000000	109.000000	200.000000	191.000000	5500.000000	40.000000	2.443636	21285.000000	13440.000000	18620.000000	22.441290	21.822607	72.604346	16.659566	21.800000	1197.000000	1164.000000	38.200000	21.800000	38.200000	40.000000

200805_120256_040953 :: orca:12.0:200805_082006_201599	log/no_ibt_mot15_0_10_100_100/lk_wrapper_tmpls2_svm_min10_active_pt_svm/MOT15_0_10_100_100/max_lost0_active_random	43.952111	49.229287	39.696780	53.128681	65.886631	500.000000	111.000000	187.000000	202.000000	5500.000000	37.400000	1.995818	21201.000000	10977.000000	18704.000000	4.573801	13.288491	73.061801	25.011903	22.200000	243.000000	706.000000	40.400000	22.200000	40.400000	37.400000
200805_134047_204579 :: orca:12.1:200805_082006_201664	log/no_ibt_mot15_0_10_100_100/lk_wrapper_tmpls2_svm_min10_active_pt_svm/MOT15_0_10_100_100/max_lost0_lost_random	27.160737	30.946964	24.199975	49.921063	63.839128	500.000000	92.000000	204.000000	204.000000	5500.000000	40.800000	2.051636	19921.000000	11284.000000	19984.000000	48.556659	30.988924	72.339335	15.569478	18.400000	2424.000000	1547.000000	40.800000	18.400000	40.800000	40.800000
200805_142135_865656 :: orca:12.2:200805_082006_201679	log/no_ibt_mot15_0_10_100_100/lk_wrapper_tmpls2_svm_min10_active_pt_svm/MOT15_0_10_100_100/max_lost0_tracked_random	46.263502	55.934613	39.443679	52.923193	75.049751	500.000000	118.000000	180.000000	202.000000	5500.000000	36.000000	1.276545	21119.000000	7021.000000	18786.000000	5.215105	13.075553	72.963802	34.637264	23.600000	276.000000	692.000000	40.400000	23.600000	40.400000	36.000000
200805_133344_687888 :: orca:13.0:200805_082006_201696	log/no_ibt_mot15_0_10_100_100/lk_wrapper_tmpls2_svm_min10_active_pt_svm/MOT15_0_10_100_100/max_lost0_active_random_lost_random_tracked_random	19.735591	20.547871	18.985090	48.871069	52.893952	500.000000	74.000000	221.000000	205.000000	5500.000000	44.200000	3.157818	19502.000000	17368.000000	20403.000000	76.712053	42.110804	71.632396	-4.047112	14.800000	3749.000000	2058.000000	41.000000	14.800000	41.000000	44.200000

200805_075842_305838 :: x99:12.0:200805_074752_731817	log/no_ibt_mot15_0_10_100_100/lk_wrapper_tmpls2_svm_min10_active_pt_svm/MOT15_0_10_100_100/max_lost0_trd4	45.361315	47.919688	43.062273	58.190703	64.754601	500.000000	162.000000	170.000000	168.000000	5500.000000	34.000000	2.298000	23221.000000	12639.000000	16684.000000	4.571177	9.056430	72.245944	25.851397	32.400000	266.000000	527.000000	33.600000	32.400000	33.600000	34.000000
200805_075842_641622 :: x99:12.1:200805_074752_731886	log/no_ibt_mot15_0_10_100_100/lk_wrapper_tmpls2_svm_min10_active_pt_svm/MOT15_0_10_100_100/max_lost0_trd9	45.361315	47.919688	43.062273	58.190703	64.754601	500.000000	162.000000	170.000000	168.000000	5500.000000	34.000000	2.298000	23221.000000	12639.000000	16684.000000	4.571177	9.056430	72.245944	25.851397	32.400000	266.000000	527.000000	33.600000	32.400000	33.600000	34.000000
200805_075844_208055 :: x99:12.2:200805_074752_731901	log/no_ibt_mot15_0_10_100_100/lk_wrapper_tmpls2_svm_min10_active_pt_svm/MOT15_0_10_100_100/max_lost0_trd14	45.361315	47.919688	43.062273	58.190703	64.754601	500.000000	162.000000	170.000000	168.000000	5500.000000	34.000000	2.298000	23221.000000	12639.000000	16684.000000	4.571177	9.056430	72.245944	25.851397	32.400000	266.000000	527.000000	33.600000	32.400000	33.600000	34.000000
200805_075820_020147 :: x99:13.0:200805_074752_731914	log/no_ibt_mot15_0_10_100_100/lk_wrapper_tmpls2_svm_min10_active_pt_svm/MOT15_0_10_100_100/max_lost0_trd24	45.361315	47.919688	43.062273	58.190703	64.754601	500.000000	162.000000	170.000000	168.000000	5500.000000	34.000000	2.298000	23221.000000	12639.000000	16684.000000	4.571177	9.056430	72.245944	25.851397	32.400000	266.000000	527.000000	33.600000	32.400000	33.600000	34.000000
200806_093531_123966 :: x99:12.0:200805_081931_502420	log/no_ibt_mot15_0_10_100_100/lk_wrapper_tmpls2_svm_min10_active_pt_svm/MOT15_0_10_100_100/max_lost0_trd34	43.176488	42.986661	43.367999	57.809798	57.301473	500.000000	152.000000	175.000000	173.000000	5500.000000	35.000000	3.125455	23069.000000	17190.000000	16836.000000	4.376421	9.375573	72.037451	14.098484	30.400000	253.000000	542.000000	34.600000	30.400000	34.600000	35.000000
200805_075730_632175 :: x99:12.1:200805_074752_662441	log/no_ibt_mot15_0_10_100_100/lk_wrapper_tmpls2_svm_min10_active_pt_svm/MOT15_0_10_100_100/max_lost0_trd44	43.205053	42.385303	44.057136	57.428894	55.249644	500.000000	151.000000	172.000000	177.000000	5500.000000	34.400000	3.374909	22917.000000	18562.000000	16988.000000	4.144255	9.542235	72.016493	10.317003	30.200000	238.000000	548.000000	35.400000	30.200000	35.400000	34.400000
200806_101253_232196 :: x99:12.1:200805_081931_502495	log/no_ibt_mot15_0_10_100_100/lk_wrapper_tmpls2_svm_min10_active_pt_svm/MOT15_0_10_100_100/max_lost0_trd44	43.205053	42.385303	44.057136	57.428894	55.249644	500.000000	151.000000	172.000000	177.000000	5500.000000	34.400000	3.374909	22917.000000	18562.000000	16988.000000	4.144255	9.542235	72.016493	10.317003	30.200000	238.000000	548.000000	35.400000	30.200000	35.400000	34.400000
200805_075733_231254 :: x99:12.2:200805_074752_662462	log/no_ibt_mot15_0_10_100_100/lk_wrapper_tmpls2_svm_min10_active_pt_svm/MOT15_0_10_100_100/max_lost0_trd54	42.309934	41.048663	43.651172	57.153239	53.745729	500.000000	149.000000	173.000000	178.000000	5500.000000	34.600000	3.568727	22807.000000	19628.000000	17098.000000	4.304218	9.500774	72.029364	7.349956	29.800000	246.000000	543.000000	35.600000	29.800000	35.600000	34.600000
200805_075723_339053 :: x99:13.0:200805_074752_662480	log/no_ibt_mot15_0_10_100_100/lk_wrapper_tmpls2_svm_min10_active_pt_svm/MOT15_0_10_100_100/max_lost0_trd64	41.458835	39.888825	43.157499	56.286180	52.023162	500.000000	145.000000	171.000000	184.000000	5500.000000	34.200000	3.766182	22461.000000	20714.000000	17444.000000	4.459354	9.735960	72.030978	3.748904	29.000000	251.000000	548.000000	36.800000	29.000000	36.800000	34.200000
200805_074803_284779 :: x99:13.1:200805_074752_662506	log/no_ibt_mot15_0_10_100_100/lk_wrapper_tmpls2_svm_min10_active_pt_svm/MOT15_0_10_100_100/max_lost0_trd74	41.263972	39.375313	43.342939	56.193459	51.049492	500.000000	138.000000	178.000000	184.000000	5500.000000	35.600000	3.909455	22424.000000	21502.000000	17481.000000	4.270960	9.342724	72.027443	1.709059	27.600000	240.000000	525.000000	36.800000	27.600000	36.800000	35.600000
200805_110319_563283 :: x99:13.1:200805_081931_502536	log/no_ibt_mot15_0_10_100_100/lk_wrapper_tmpls2_svm_min10_active_pt_svm/MOT15_0_10_100_100/max_lost0_trd74	41.263972	39.375313	43.342939	56.193459	51.049492	500.000000	138.000000	178.000000	184.000000	5500.000000	35.600000	3.909455	22424.000000	21502.000000	17481.000000	4.270960	9.342724	72.027443	1.709059	27.600000	240.000000	525.000000	36.800000	27.600000	36.800000	35.600000

200805_095506_131623 :: x99:12.0:200805_081930_795586	log/no_ibt_mot15_0_10_100_100/lk_wrapper_tmpls2_svm_min10_active_pt_svm/MOT15_0_10_100_100/max_lost0_trd4_lost_oracle	48.360061	62.956116	39.258238	55.536900	89.061244	500.000000	144.000000	159.000000	197.000000	5500.000000	31.800000	0.494909	22162.000000	2722.000000	17743.000000	6.842298	9.579217	73.568309	47.763438	28.800000	380.000000	532.000000	39.400000	28.800000	39.400000	31.800000
200805_100057_867690 :: x99:12.1:200805_081930_795775	log/no_ibt_mot15_0_10_100_100/lk_wrapper_tmpls2_svm_min10_active_pt_svm/MOT15_0_10_100_100/max_lost0_trd9_lost_oracle	60.231834	75.281870	50.196717	58.950006	88.409501	500.000000	168.000000	151.000000	181.000000	5500.000000	30.200000	0.560727	23524.000000	3084.000000	16381.000000	3.189143	8.312128	73.236954	50.750533	33.600000	188.000000	490.000000	36.200000	33.600000	36.200000	30.200000
200805_100349_492654 :: x99:12.2:200805_081930_795800	log/no_ibt_mot15_0_10_100_100/lk_wrapper_tmpls2_svm_min10_active_pt_svm/MOT15_0_10_100_100/max_lost0_trd14_lost_oracle	61.851609	76.452577	51.933342	59.786994	88.014166	500.000000	170.000000	150.000000	180.000000	5500.000000	30.000000	0.590727	23858.000000	3249.000000	16047.000000	2.492181	7.928146	73.103570	51.271770	34.000000	149.000000	474.000000	36.000000	34.000000	36.000000	30.000000
200805_100533_090800 :: x99:13.0:200805_081930_795817	log/no_ibt_mot15_0_10_100_100/lk_wrapper_tmpls2_svm_min10_active_pt_svm/MOT15_0_10_100_100/max_lost0_trd24_lost_oracle	63.311616	77.631387	53.451948	60.368375	87.676518	500.000000	168.000000	154.000000	178.000000	5500.000000	30.800000	0.615636	24090.000000	3386.000000	15815.000000	2.170010	7.818663	73.018422	51.554943	33.600000	131.000000	472.000000	35.600000	33.600000	35.600000	30.800000



200812_071615_792107 :: grs:12.1:200812_065142_070005	log/no_ibt_mot17_0_6_100_100/lk_wrapper_tmpls2_svm_min10_active_pt_svm/MOT17_0_6_100_100/max_lost0	39.294251	76.281524	26.462940	33.606297	96.872818	784.000000	151.000000	243.000000	390.000000	5316.000000	30.994898	0.379044	62420.000000	2015.000000	123319.000000	14.283037	19.579664	87.591138	32.263014	19.260204	480.000000	658.000000	49.744898	19.260204	49.744898	30.994898

00805_123457_868705 :: grs:12.0:200805_082035_362107	log/no_ibt_mot17_0_6_100_100/lk_wrapper_tmpls2_svm_min10_active_pt_svm/MOT17_0_6_100_100/max_lost0_active_abs	39.437851	77.251378	26.477476	33.647753	98.171565	784.000000	150.000000	242.000000	392.000000	5316.000000	30.867347	0.218962	62497.000000	1164.000000	123242.000000	13.938524	19.882457	87.580639	32.768562	19.132653	469.000000	669.000000	50.000000	19.132653	50.000000	30.867347
200805_131848_932561 :: grs:12.1:200805_082035_362189	log/no_ibt_mot17_0_6_100_100/lk_wrapper_tmpls2_svm_min10_active_pt_svm/MOT17_0_6_100_100/max_lost0_lost_abs	50.539632	87.091845	35.598878	40.144504	98.212616	784.000000	234.000000	200.000000	350.000000	5316.000000	25.510204	0.255267	74564.000000	1357.000000	111175.000000	6.327143	7.747013	92.416348	39.277158	29.846939	254.000000	311.000000	44.642857	29.846939	44.642857	25.510204
200805_103728_484175 :: grs:12.2:200805_082035_362219	log/no_ibt_mot17_0_6_100_100/lk_wrapper_tmpls2_svm_min10_active_pt_svm/MOT17_0_6_100_100/max_lost0_tracked_abs	46.741597	83.652271	32.431530	38.124465	98.336342	784.000000	213.000000	209.000000	362.000000	5316.000000	26.658163	0.225357	70812.000000	1198.000000	114927.000000	8.288641	9.259146	98.537012	37.309343	27.168367	316.000000	353.000000	46.173469	27.168367	46.173469	26.658163
200805_094411_593969 :: grs:13.0:200805_082035_362239	log/no_ibt_mot17_0_6_100_100/lk_wrapper_tmpls2_svm_min10_active_pt_svm/MOT17_0_6_100_100/max_lost0_active_abs_lost_abs_tracked_abs	50.245578	85.637401	35.552576	39.753094	95.755414	784.000000	246.000000	185.000000	353.000000	5316.000000	23.596939	0.615688	73837.000000	3273.000000	111902.000000	5.056210	7.823290	99.493680	37.882728	31.377551	201.000000	311.000000	45.025510	31.377551	45.025510	23.596939

200805_095258_321036 :: orca:12.0:200805_082005_998748	log/no_ibt_mot17_0_6_100_100/lk_wrapper_tmpls2_svm_min10_active_pt_svm/MOT17_0_6_100_100/max_lost0_active_oracle	31.649723	93.893758	19.032621	20.002800	98.679947	784.000000	108.000000	172.000000	504.000000	5316.000000	21.938776	0.093491	37153.000000	497.000000	148586.000000	2.649629	10.248565	87.835788	19.706685	13.775510	53.000000	205.000000	64.285714	13.775510	64.285714	21.938776
200805_094807_112153 :: orca:13.0:200805_082005_998871	log/no_ibt_mot17_0_6_100_100/lk_wrapper_tmpls2_svm_min10_active_pt_svm/MOT17_0_6_100_100/max_lost0_active_oracle_lost_oracle_tracked_oracle	34.441791	94.888668	21.039200	21.734262	98.023456	784.000000	116.000000	192.000000	476.000000	5316.000000	24.489796	0.153123	40369.000000	814.000000	145370.000000	6.809525	23.143183	86.477378	21.216330	14.795918	148.000000	503.000000	60.714286	14.795918	60.714286	24.489796
200805_110123_778479 :: orca:12.1:200805_082005_998826	log/no_ibt_mot17_0_6_100_100/lk_wrapper_tmpls2_svm_min10_active_pt_svm/MOT17_0_6_100_100/max_lost0_lost_oracle	40.834472	79.100320	27.520876	33.996091	97.711341	784.000000	164.000000	236.000000	384.000000	5316.000000	30.102041	0.278217	63144.000000	1479.000000	122595.000000	15.648858	25.532347	87.290073	32.913389	20.918367	532.000000	868.000000	48.979592	20.918367	48.979592	30.102041
200805_111716_599154 :: orca:12.2:200805_082005_998849	log/no_ibt_mot17_0_6_100_100/lk_wrapper_tmpls2_svm_min10_active_pt_svm/MOT17_0_6_100_100/max_lost0_tracked_oracle	39.369335	76.561455	26.497397	33.573455	97.006985	784.000000	148.000000	246.000000	390.000000	5316.000000	31.377551	0.361926	62359.000000	1924.000000	123380.000000	14.624649	19.390319	87.049163	32.273244	18.877551	491.000000	651.000000	49.744898	18.877551	49.744898	31.377551

200805_145744_344690 :: grs:12.0:200805_082035_527425	log/no_ibt_mot17_0_6_100_100/lk_wrapper_tmpls2_svm_min10_active_pt_svm/MOT17_0_6_100_100/max_lost0_active_pos	39.271048	76.098029	26.464017	33.624064	96.686948	784.000000	152.000000	242.000000	390.000000	5316.000000	30.867347	0.402558	62453.000000	2140.000000	123286.000000	14.602637	19.777502	87.582709	32.207560	19.387755	491.000000	665.000000	49.744898	19.387755	49.744898	30.867347
200805_152057_677131 :: grs:12.1:200805_082035_527507	log/no_ibt_mot17_0_6_100_100/lk_wrapper_tmpls2_svm_min10_active_pt_svm/MOT17_0_6_100_100/max_lost0_lost_pos	29.056501	55.156735	19.723375	33.759200	94.408142	784.000000	144.000000	262.000000	378.000000	5316.000000	33.418367	0.698646	62704.000000	3714.000000	123035.000000	60.161379	36.019811	87.198051	30.666150	18.367347	2031.000000	1216.000000	48.214286	18.367347	48.214286	33.418367
200805_135112_722195 :: grs:12.2:200805_082035_527535	log/no_ibt_mot17_0_6_100_100/lk_wrapper_tmpls2_svm_min10_active_pt_svm/MOT17_0_6_100_100/max_lost0_tracked_pos	39.441532	76.685018	26.548006	33.572917	96.976766	784.000000	146.000000	245.000000	393.000000	5316.000000	31.250000	0.365688	62358.000000	1944.000000	123381.000000	14.267453	19.509773	86.812532	32.268398	18.622449	479.000000	655.000000	50.127551	18.622449	50.127551	31.250000
200805_133028_389922 :: grs:13.0:200805_082035_527554	log/no_ibt_mot17_0_6_100_100/lk_wrapper_tmpls2_svm_min10_active_pt_svm/MOT17_0_6_100_100/max_lost0_active_pos_lost_pos_tracked_pos	31.052008	58.759857	21.101653	33.818423	94.171089	784.000000	149.000000	253.000000	382.000000	5316.000000	32.270408	0.731377	62814.000000	3888.000000	122925.000000	41.900239	32.733638	86.371351	30.962264	19.005102	1417.000000	1107.000000	48.724490	19.005102	48.724490	32.270408

200805_114339_217636 :: orca:12.0:200805_082006_147634	log/no_ibt_mot17_0_6_100_100/lk_wrapper_tmpls2_svm_min10_active_pt_svm/MOT17_0_6_100_100/max_lost0_active_random	39.183850	76.828463	26.298193	33.210042	97.020982	784.000000	137.000000	248.000000	399.000000	5316.000000	31.632653	0.356283	61684.000000	1894.000000	124055.000000	12.646777	19.241168	87.766220	31.964208	17.474490	420.000000	639.000000	50.892857	17.474490	50.892857	31.632653
200805_132048_183287 :: orca:12.1:200805_082006_147719	log/no_ibt_mot17_0_6_100_100/lk_wrapper_tmpls2_svm_min10_active_pt_svm/MOT17_0_6_100_100/max_lost0_lost_random	25.689795	46.933089	17.685031	33.391479	88.615354	784.000000	136.000000	272.000000	376.000000	5316.000000	34.693878	1.498871	62021.000000	7968.000000	123718.000000	134.375597	58.967139	86.648895	26.685833	17.346939	4487.000000	1969.000000	47.959184	17.346939	47.959184	34.693878
200805_140038_783665 :: orca:12.2:200805_082006_147744	log/no_ibt_mot17_0_6_100_100/lk_wrapper_tmpls2_svm_min10_active_pt_svm/MOT17_0_6_100_100/max_lost0_tracked_random	38.905605	75.741950	26.175440	33.460393	96.821885	784.000000	150.000000	242.000000	392.000000	5316.000000	30.867347	0.383747	62149.000000	2040.000000	123590.000000	18.529370	20.711054	88.532232	32.028276	19.132653	620.000000	693.000000	50.000000	19.132653	50.000000	30.867347
200805_130435_450754 :: orca:13.0:200805_082006_147769	log/no_ibt_mot17_0_6_100_100/lk_wrapper_tmpls2_svm_min10_active_pt_svm/MOT17_0_6_100_100/max_lost0_active_random_lost_random_tracked_random	13.829381	23.195497	9.851458	32.456296	76.419136	784.000000	106.000000	305.000000	373.000000	5316.000000	38.903061	3.499248	60284.000000	18602.000000	125455.000000	355.154511	119.761047	85.714178	16.235147	13.520408	11527.000000	3887.000000	47.576531	13.520408	47.576531	38.903061

200806_071220_504333 :: x99:12.0:200805_081931_329701	log/no_ibt_mot17_0_6_100_100/lk_wrapper_tmpls2_svm_min10_active_pt_svm/MOT17_0_6_100_100/max_lost0_trd4	37.968617	71.508796	25.845945	34.494640	95.437415	784.000000	174.000000	235.000000	375.000000	5316.000000	29.974490	0.576185	64070.000000	3063.000000	121669.000000	18.698557	18.843507	86.954611	32.498291	22.193878	645.000000	650.000000	47.831633	22.193878	47.831633	29.974490
200806_090108_535916 :: x99:12.1:200805_081931_329781	log/no_ibt_mot17_0_6_100_100/lk_wrapper_tmpls2_svm_min10_active_pt_svm/MOT17_0_6_100_100/max_lost0_trd9	38.902677	69.543154	27.004560	35.471280	91.346967	784.000000	174.000000	255.000000	355.000000	5316.000000	32.525510	1.174003	65884.000000	6241.000000	119855.000000	15.505502	20.241728	86.357357	31.815074	22.193878	550.000000	718.000000	45.280612	22.193878	45.280612	32.525510
200806_095826_201194 :: x99:12.2:200805_081931_329798	log/no_ibt_mot17_0_6_100_100/lk_wrapper_tmpls2_svm_min10_active_pt_svm/MOT17_0_6_100_100/max_lost0_trd14	39.256719	68.876641	27.451424	35.723784	89.632301	784.000000	175.000000	250.000000	359.000000	5316.000000	31.887755	1.443755	66353.000000	7675.000000	119386.000000	13.716352	19.398841	86.097881	31.327831	22.321429	490.000000	693.000000	45.790816	22.321429	45.790816	31.887755
200806_101809_919051 :: x99:13.0:200805_081931_329814	log/no_ibt_mot17_0_6_100_100/lk_wrapper_tmpls2_svm_min10_active_pt_svm/MOT17_0_6_100_100/max_lost0_trd24	40.135068	68.509565	28.380685	35.933757	86.742306	784.000000	176.000000	246.000000	362.000000	5316.000000	31.377551	1.918924	66743.000000	10201.000000	118996.000000	12.940478	19.035026	85.858948	30.191290	22.448980	465.000000	684.000000	46.173469	22.448980	46.173469	31.377551
200805_154050_749735 :: grs:12.0:200805_082035_576406	log/no_ibt_mot17_0_6_100_100/lk_wrapper_tmpls2_svm_min10_active_pt_svm/MOT17_0_6_100_100/max_lost0_trd34	39.960136	66.860788	28.495362	36.022052	84.521223	784.000000	176.000000	245.000000	363.000000	5316.000000	31.250000	2.304929	66907.000000	12253.000000	118832.000000	12.214740	19.182694	85.763697	29.188270	22.448980	440.000000	691.000000	46.301020	22.448980	46.301020	31.250000
200805_160559_111266 :: grs:12.1:200805_082035_576483	log/no_ibt_mot17_0_6_100_100/lk_wrapper_tmpls2_svm_min10_active_pt_svm/MOT17_0_6_100_100/max_lost0_trd44	39.832592	65.769250	28.566968	35.878841	82.603253	784.000000	173.000000	244.000000	367.000000	5316.000000	31.122449	2.640143	66641.000000	14035.000000	119098.000000	11.845422	18.618216	85.759396	28.093723	22.066327	425.000000	668.000000	46.811224	22.066327	46.811224	31.122449
200805_143645_518629 :: grs:12.2:200805_082035_576504	log/no_ibt_mot17_0_6_100_100/lk_wrapper_tmpls2_svm_min10_active_pt_svm/MOT17_0_6_100_100/max_lost0_trd54	39.643433	64.638644	28.588503	35.760395	80.854301	784.000000	169.000000	246.000000	369.000000	5316.000000	31.377551	2.958616	66421.000000	15728.000000	119318.000000	11.800765	18.428208	85.773149	27.065398	21.556122	422.000000	659.000000	47.066327	21.556122	47.066327	31.377551
200805_142136_908424 :: grs:13.0:200805_082035_576521	log/no_ibt_mot17_0_6_100_100/lk_wrapper_tmpls2_svm_min10_active_pt_svm/MOT17_0_6_100_100/max_lost0_trd64	39.426465	63.801325	28.527665	35.561729	79.532812	784.000000	168.000000	248.000000	368.000000	5316.000000	31.632653	3.197517	66052.000000	16998.000000	119687.000000	11.529248	18.784238	85.776758	26.189438	21.428571	410.000000	668.000000	46.938776	21.428571	46.938776	31.632653
200805_104318_707500 :: grs:13.1:200805_082035_576536	log/no_ibt_mot17_0_6_100_100/lk_wrapper_tmpls2_svm_min10_active_pt_svm/MOT17_0_6_100_100/max_lost0_trd74	39.040956	62.540342	28.377993	35.377600	77.966303	784.000000	170.000000	244.000000	370.000000	5316.000000	31.122449	3.493228	65710.000000	18570.000000	120029.000000	11.504455	18.288409	85.821535	25.160575	21.683673	407.000000	647.000000	47.193878	21.683673	47.193878	31.122449

200805_203926_365629 :: x99:12.0:200805_081931_061116	log/no_ibt_mot17_0_6_100_100/lk_wrapper_tmpls2_svm_min10_active_pt_svm/MOT17_0_6_100_100/max_lost0_trd4_lost_oracle	39.640743	75.785953	26.839813	34.839748	98.374886	784.000000	175.000000	230.000000	379.000000	5316.000000	29.336735	0.201091	64711.000000	1069.000000	121028.000000	16.360623	19.058691	87.224827	33.957327	22.321429	570.000000	664.000000	48.341837	22.321429	48.341837	29.336735
200805_210408_640216 :: x99:12.1:200805_081931_061191	log/no_ibt_mot17_0_6_100_100/lk_wrapper_tmpls2_svm_min10_active_pt_svm/MOT17_0_6_100_100/max_lost0_trd9_lost_oracle	41.529352	77.535069	28.359688	35.762010	97.772937	784.000000	188.000000	230.000000	366.000000	5316.000000	29.336735	0.284612	66424.000000	1513.000000	119315.000000	12.079858	18.175712	86.720239	34.714842	23.979592	432.000000	650.000000	46.683673	23.979592	46.683673	29.336735
200805_212210_749527 :: x99:12.2:200805_081931_061210	log/no_ibt_mot17_0_6_100_100/lk_wrapper_tmpls2_svm_min10_active_pt_svm/MOT17_0_6_100_100/max_lost0_trd14_lost_oracle	42.684684	78.809800	29.268490	36.093658	97.187591	784.000000	191.000000	225.000000	368.000000	5316.000000	28.698980	0.364936	67040.000000	1940.000000	118699.000000	9.752406	17.371473	86.478288	34.859669	24.362245	352.000000	627.000000	46.938776	24.362245	46.938776	28.698980
200805_214148_083839 :: x99:13.0:200805_081931_061226	log/no_ibt_mot17_0_6_100_100/lk_wrapper_tmpls2_svm_min10_active_pt_svm/MOT17_0_6_100_100/max_lost0_trd24_lost_oracle	43.933396	80.118868	30.264511	36.377928	96.302842	784.000000	192.000000	224.000000	368.000000	5316.000000	28.571429	0.487961	67568.000000	2594.000000	118171.000000	8.933989	16.960834	86.226143	34.806368	24.489796	325.000000	617.000000	46.938776	24.489796	46.938776	28.571429

200812_072015_530776 :: grs:12.3:200812_065456_091756	log/no_ibt_mot17_dpm_0_6_100_100/lk_wrapper_tmpls2_svm_min10_active_pt_svm/MOT17_DPM_0_6_100_100/max_lost0	27.835186	57.518258	18.360172	25.301095	79.262595	784.000000	74.000000	244.000000	466.000000	5316.000000	31.122449	2.312829	46994.000000	12295.000000	138745.000000	18.101984	43.871620	76.305234	18.435008	9.438776	458.000000	1110.000000	59.438776	9.438776	59.438776	31.122449

200805_100243_888159 :: grs:12.0:200805_082035_273307	log/no_ibt_mot17_dpm_0_6_100_100/lk_wrapper_tmpls2_svm_min10_active_pt_svm/MOT17_DPM_0_6_100_100/max_lost0_active_abs	30.114224	68.618213	19.289971	26.433328	94.028536	784.000000	79.000000	247.000000	458.000000	5316.000000	31.505102	0.586531	49097.000000	3118.000000	136642.000000	18.196725	45.851206	76.328017	24.495663	10.076531	481.000000	1212.000000	58.418367	10.076531	58.418367	31.505102
200805_105014_779876 :: grs:12.1:200805_082035_273370	log/no_ibt_mot17_dpm_0_6_100_100/lk_wrapper_tmpls2_svm_min10_active_pt_svm/MOT17_DPM_0_6_100_100/max_lost0_lost_abs	48.155540	84.680534	33.643984	37.253350	93.765160	784.000000	161.000000	229.000000	394.000000	5316.000000	29.209184	0.865500	69194.000000	4601.000000	116545.000000	4.751251	8.026124	92.023863	34.680923	20.535714	177.000000	299.000000	50.255102	20.535714	50.255102	29.209184
200805_092052_830549 :: grs:12.2:200805_082035_273386	log/no_ibt_mot17_dpm_0_6_100_100/lk_wrapper_tmpls2_svm_min10_active_pt_svm/MOT17_DPM_0_6_100_100/max_lost0_tracked_abs	42.113272	74.489043	29.354632	34.730455	88.130499	784.000000	130.000000	245.000000	409.000000	5316.000000	31.250000	1.634312	64508.000000	8688.000000	121231.000000	7.572604	13.993482	98.384019	29.911327	16.581633	263.000000	486.000000	52.168367	16.581633	52.168367	31.250000
200805_085011_484223 :: grs:13.0:200805_082035_273399	log/no_ibt_mot17_dpm_0_6_100_100/lk_wrapper_tmpls2_svm_min10_active_pt_svm/MOT17_DPM_0_6_100_100/max_lost0_active_abs_lost_abs_tracked_abs	50.640904	85.055442	36.053279	39.973834	94.304658	784.000000	187.000000	236.000000	361.000000	5316.000000	30.102041	0.843491	74247.000000	4484.000000	111492.000000	4.903207	7.805106	99.470149	37.454170	23.852041	196.000000	312.000000	46.045918	23.852041	46.045918	30.102041

200805_085320_068883 :: orca:12.0:200805_082005_902396	log/no_ibt_mot17_dpm_0_6_100_100/lk_wrapper_tmpls2_svm_min10_active_pt_svm/MOT17_DPM_0_6_100_100/max_lost0_active_oracle	20.852146	84.282990	11.897878	13.298769	94.206712	784.000000	43.000000	168.000000	572.000000	5316.000000	21.428571	0.285741	24701.000000	1519.000000	161038.000000	4.511696	31.957846	76.117838	12.448651	5.484694	60.000000	425.000000	72.959184	5.484694	72.959184	21.428571
200805_093631_965350 :: orca:12.1:200805_082005_902490	log/no_ibt_mot17_dpm_0_6_100_100/lk_wrapper_tmpls2_svm_min10_active_pt_svm/MOT17_DPM_0_6_100_100/max_lost0_lost_oracle	31.796864	70.441448	20.532575	26.881807	92.223864	784.000000	79.000000	249.000000	456.000000	5316.000000	31.760204	0.791949	49930.000000	4210.000000	135809.000000	18.265141	43.263460	76.706934	24.350836	10.076531	491.000000	1163.000000	58.163265	10.076531	58.163265	31.760204
200805_094302_326946 :: orca:12.2:200805_082005_902508	log/no_ibt_mot17_dpm_0_6_100_100/lk_wrapper_tmpls2_svm_min10_active_pt_svm/MOT17_DPM_0_6_100_100/max_lost0_tracked_oracle	27.748994	57.268426	18.310640	25.207415	78.838803	784.000000	70.000000	251.000000	463.000000	5316.000000	32.015306	2.363995	46820.000000	12567.000000	138919.000000	18.684978	50.501014	76.095146	18.187887	8.928571	471.000000	1273.000000	59.056122	8.928571	59.056122	32.015306
200805_075155_083546 :: orca:13.0:200805_074835_327670	log/no_ibt_mot17_dpm_0_6_100_100/lk_wrapper_tmpls2_svm_min10_active_pt_svm/MOT17_DPM_0_6_100_100/max_lost0_active_oracle_lost_oracle_tracked_oracle	24.150844	94.066898	13.853849	14.183882	96.307805	784.000000	54.000000	161.000000	569.000000	5316.000000	20.535714	0.189992	26345.000000	1010.000000	159394.000000	6.345231	36.238317	76.464549	13.591653	6.887755	90.000000	514.000000	72.576531	6.887755	72.576531	20.535714

200805_134930_365707 :: grs:12.0:200805_082035_446325	log/no_ibt_mot17_dpm_0_6_100_100/lk_wrapper_tmpls2_svm_min10_active_pt_svm/MOT17_DPM_0_6_100_100/max_lost0_active_pos	28.069862	57.069748	18.612139	25.744189	78.938506	784.000000	75.000000	248.000000	461.000000	5316.000000	31.632653	2.399925	47817.000000	12758.000000	137922.000000	18.528453	46.068648	76.254067	18.618599	9.566327	477.000000	1186.000000	58.801020	9.566327	58.801020	31.632653
200805_141204_628101 :: grs:12.1:200805_082035_446406	log/no_ibt_mot17_dpm_0_6_100_100/lk_wrapper_tmpls2_svm_min10_active_pt_svm/MOT17_DPM_0_6_100_100/max_lost0_lost_pos	19.483798	37.925610	13.109255	26.086067	75.468054	784.000000	70.000000	266.000000	448.000000	5316.000000	33.928571	2.962754	48452.000000	15750.000000	137287.000000	109.177056	77.282635	76.408611	16.073092	8.928571	2848.000000	2016.000000	57.142857	8.928571	57.142857	33.928571
200805_121513_189921 :: grs:12.2:200805_082035_446433	log/no_ibt_mot17_dpm_0_6_100_100/lk_wrapper_tmpls2_svm_min10_active_pt_svm/MOT17_DPM_0_6_100_100/max_lost0_tracked_pos	28.332377	58.024136	18.741891	25.765187	79.767977	784.000000	77.000000	243.000000	464.000000	5316.000000	30.994898	2.283296	47856.000000	12138.000000	137883.000000	18.590977	43.508321	76.320839	18.972321	9.821429	479.000000	1121.000000	59.183673	9.821429	59.183673	30.994898
200805_114044_402886 :: grs:13.0:200805_082035_446454	log/no_ibt_mot17_dpm_0_6_100_100/lk_wrapper_tmpls2_svm_min10_active_pt_svm/MOT17_DPM_0_6_100_100/max_lost0_active_pos_lost_pos_tracked_pos	19.399488	37.312060	13.107102	26.581924	75.670912	784.000000	76.000000	270.000000	438.000000	5316.000000	34.438776	2.986080	49373.000000	15874.000000	136366.000000	83.665877	73.395740	76.254473	16.838144	9.693878	2224.000000	1951.000000	55.867347	9.693878	55.867347	34.438776

200805_102918_861040 :: orca:12.0:200805_082006_047394	log/no_ibt_mot17_dpm_0_6_100_100/lk_wrapper_tmpls2_svm_min10_active_pt_svm/MOT17_DPM_0_6_100_100/max_lost0_active_random	28.297429	58.772987	18.634751	25.671507	80.966531	784.000000	68.000000	254.000000	462.000000	5316.000000	32.397959	2.108540	47682.000000	11209.000000	138057.000000	17.178579	44.913608	76.335698	19.399265	8.673469	441.000000	1153.000000	58.928571	8.673469	58.928571	32.397959
200805_114623_903461 :: orca:12.1:200805_082006_047458	log/no_ibt_mot17_dpm_0_6_100_100/lk_wrapper_tmpls2_svm_min10_active_pt_svm/MOT17_DPM_0_6_100_100/max_lost0_lost_random	14.843461	29.386084	9.929525	23.407577	69.273912	784.000000	44.000000	278.000000	462.000000	5316.000000	35.459184	3.627540	43477.000000	19284.000000	142262.000000	229.583777	146.234698	75.213050	10.131959	5.612245	5374.000000	3423.000000	58.928571	5.612245	58.928571	35.459184
200805_120723_848877 :: orca:12.2:200805_082006_047477	log/no_ibt_mot17_dpm_0_6_100_100/lk_wrapper_tmpls2_svm_min10_active_pt_svm/MOT17_DPM_0_6_100_100/max_lost0_tracked_random	25.004914	52.240875	16.435967	23.823753	75.722573	784.000000	61.000000	252.000000	471.000000	5316.000000	32.142857	2.668736	44250.000000	14187.000000	141489.000000	30.389839	73.749926	74.676794	15.795821	7.780612	724.000000	1757.000000	60.076531	7.780612	60.076531	32.142857
200805_104853_147473 :: orca:13.0:200805_082006_047489	log/no_ibt_mot17_dpm_0_6_100_100/lk_wrapper_tmpls2_svm_min10_active_pt_svm/MOT17_DPM_0_6_100_100/max_lost0_active_random_lost_random_tracked_random	9.480041	17.988383	6.435913	21.999688	61.489150	784.000000	33.000000	285.000000	466.000000	5316.000000	36.352041	4.814146	40862.000000	25592.000000	144877.000000	400.869326	229.366892	73.829211	3.473153	4.209184	8819.000000	5046.000000	59.438776	4.209184	59.438776	36.352041

200806_002206_470654 :: x99:12.0:200805_081931_152533	log/no_ibt_mot17_dpm_0_6_100_100/lk_wrapper_tmpls2_svm_min10_active_pt_svm/MOT17_DPM_0_6_100_100/max_lost0_trd4	23.725492	46.693751	15.902961	26.315959	77.268057	784.000000	83.000000	245.000000	456.000000	5316.000000	31.250000	2.705041	48879.000000	14380.000000	136860.000000	31.121799	37.885755	76.286512	18.132972	10.586735	819.000000	997.000000	58.163265	10.586735	58.163265	31.250000
200806_013922_125366 :: x99:12.1:200805_081931_152616	log/no_ibt_mot17_dpm_0_6_100_100/lk_wrapper_tmpls2_svm_min10_active_pt_svm/MOT17_DPM_0_6_100_100/max_lost0_trd9	25.335326	40.929456	18.345636	27.339439	60.994799	784.000000	91.000000	263.000000	430.000000	5316.000000	33.545918	6.108540	50780.000000	32473.000000	134959.000000	23.263096	35.040954	75.376050	9.513888	11.607143	636.000000	958.000000	54.846939	11.607143	54.846939	33.545918
200806_024011_460798 :: x99:12.2:200805_081931_152635	log/no_ibt_mot17_dpm_0_6_100_100/lk_wrapper_tmpls2_svm_min10_active_pt_svm/MOT17_DPM_0_6_100_100/max_lost0_trd14	26.343889	39.700509	19.712069	28.295081	56.986869	784.000000	91.000000	269.000000	424.000000	5316.000000	34.311224	7.462002	52555.000000	39668.000000	133184.000000	19.650059	31.736965	75.242056	6.638886	11.607143	556.000000	898.000000	54.081633	11.607143	54.081633	34.311224
200806_035919_795578 :: x99:13.0:200805_081931_152651	log/no_ibt_mot17_dpm_0_6_100_100/lk_wrapper_tmpls2_svm_min10_active_pt_svm/MOT17_DPM_0_6_100_100/max_lost0_trd24	26.455712	36.739811	20.669865	28.660109	50.942132	784.000000	87.000000	266.000000	431.000000	5316.000000	33.928571	9.643341	53233.000000	51264.000000	132506.000000	17.166718	31.123399	74.924355	0.795202	11.096939	492.000000	892.000000	54.974490	11.096939	54.974490	33.928571

200805_133703_546870 :: x99:12.0:200805_081930_890856	log/no_ibt_mot17_dpm_0_6_100_100/lk_wrapper_tmpls2_svm_min10_active_pt_svm/MOT17_DPM_0_6_100_100/max_lost0_trd4_lost_oracle	27.870760	61.057001	18.056520	27.853063	94.183400	784.000000	93.000000	241.000000	450.000000	5316.000000	30.739796	0.601016	51734.000000	3195.000000	134005.000000	26.675702	30.517290	77.061652	25.732883	11.862245	743.000000	850.000000	57.397959	11.862245	57.397959	30.739796
200805_135437_745524 :: x99:12.1:200805_081930_890933	log/no_ibt_mot17_dpm_0_6_100_100/lk_wrapper_tmpls2_svm_min10_active_pt_svm/MOT17_DPM_0_6_100_100/max_lost0_trd9_lost_oracle	32.638376	67.589648	21.513522	29.906482	93.958051	784.000000	108.000000	246.000000	430.000000	5316.000000	31.377551	0.671934	55548.000000	3572.000000	130191.000000	17.989411	26.215053	76.488717	27.693699	13.775510	538.000000	784.000000	54.846939	13.775510	54.846939	31.377551
200805_140421_607550 :: x99:12.2:200805_081930_890955	log/no_ibt_mot17_dpm_0_6_100_100/lk_wrapper_tmpls2_svm_min10_active_pt_svm/MOT17_DPM_0_6_100_100/max_lost0_trd14_lost_oracle	34.471675	70.000989	22.865957	30.535859	93.481342	784.000000	110.000000	247.000000	427.000000	5316.000000	31.505102	0.743980	56717.000000	3955.000000	129022.000000	13.590579	23.578835	76.246836	28.183096	14.030612	415.000000	720.000000	54.464286	14.030612	54.464286	31.505102
200805_141623_718760 :: x99:13.0:200805_081930_890971	log/no_ibt_mot17_dpm_0_6_100_100/lk_wrapper_tmpls2_svm_min10_active_pt_svm/MOT17_DPM_0_6_100_100/max_lost0_trd24_lost_oracle	37.003646	73.290499	24.749783	31.291220	92.661384	784.000000	114.000000	250.000000	420.000000	5316.000000	31.887755	0.865877	58120.000000	4603.000000	127619.000000	10.737836	22.530281	75.953159	28.632113	14.540816	336.000000	705.000000	53.571429	14.540816	53.571429	31.887755



200812_072438_792577 :: grs:12.2:200812_065437_236111	log/no_ibt_mot17_sdp_0_6_100_100/lk_wrapper_tmpls2_svm_min10_active_pt_svm/MOT17_SDP_0_6_100_100/max_lost0	42.504693	74.425152	29.746580	38.835140	97.164487	784.000000	213.000000	211.000000	360.000000	5316.000000	26.913265	0.395974	72132.000000	2105.000000	113607.000000	15.449925	25.955874	84.903432	37.378795	27.168367	600.000000	1008.000000	45.918367	27.168367	45.918367	26.913265

200805_113338_826086 :: grs:12.0:200805_082035_318493	log/no_ibt_mot17_sdp_0_6_100_100/lk_wrapper_tmpls2_svm_min10_active_pt_svm/MOT17_SDP_0_6_100_100/max_lost0_active_abs	42.578789	75.021741	29.724506	38.819526	97.976682	784.000000	210.000000	215.000000	359.000000	5316.000000	27.423469	0.280098	72103.000000	1489.000000	113636.000000	15.224297	25.605670	84.909112	37.699675	26.785714	591.000000	994.000000	45.790816	26.785714	45.790816	27.423469
200805_122017_337966 :: grs:12.1:200805_082035_318574	log/no_ibt_mot17_sdp_0_6_100_100/lk_wrapper_tmpls2_svm_min10_active_pt_svm/MOT17_SDP_0_6_100_100/max_lost0_lost_abs	53.181049	83.533562	39.007424	44.140434	94.525792	784.000000	282.000000	182.000000	320.000000	5316.000000	23.214286	0.893153	81986.000000	4748.000000	103753.000000	6.207461	9.220571	91.617799	41.436640	35.969388	274.000000	407.000000	40.816327	35.969388	40.816327	23.214286
200805_100408_532125 :: grs:12.2:200805_082035_318604	log/no_ibt_mot17_sdp_0_6_100_100/lk_wrapper_tmpls2_svm_min10_active_pt_svm/MOT17_SDP_0_6_100_100/max_lost0_tracked_abs	49.825087	81.862377	35.810465	42.846683	97.947102	784.000000	259.000000	207.000000	318.000000	5316.000000	26.403061	0.313770	79583.000000	1668.000000	106156.000000	8.588763	12.089617	97.445208	41.750521	33.035714	368.000000	518.000000	40.561224	33.035714	40.561224	26.403061
200805_092123_569460 :: grs:13.0:200805_082035_318627	log/no_ibt_mot17_sdp_0_6_100_100/lk_wrapper_tmpls2_svm_min10_active_pt_svm/MOT17_SDP_0_6_100_100/max_lost0_active_abs_lost_abs_tracked_abs	52.167961	78.831560	38.982658	44.134511	89.249747	784.000000	282.000000	181.000000	321.000000	5316.000000	23.086735	1.857412	81975.000000	9874.000000	103764.000000	6.140319	9.199150	99.432726	38.672546	35.969388	271.000000	406.000000	40.943878	35.969388	40.943878	23.086735

200805_092606_000577 :: orca:12.0:200805_082005_950849	log/no_ibt_mot17_sdp_0_6_100_100/lk_wrapper_tmpls2_svm_min10_active_pt_svm/MOT17_SDP_0_6_100_100/max_lost0_active_oracle	32.937799	86.809851	20.324757	22.934333	97.955711	784.000000	147.000000	169.000000	468.000000	5316.000000	21.556122	0.167231	42598.000000	889.000000	143141.000000	4.927111	21.016526	84.360119	22.394866	18.750000	113.000000	482.000000	59.693878	18.750000	59.693878	21.556122
200805_102607_731241 :: orca:12.1:200805_082005_950927	log/no_ibt_mot17_sdp_0_6_100_100/lk_wrapper_tmpls2_svm_min10_active_pt_svm/MOT17_SDP_0_6_100_100/max_lost0_lost_oracle	44.741890	79.421416	31.143163	38.634320	98.525394	784.000000	205.000000	220.000000	359.000000	5316.000000	28.061224	0.202032	71759.000000	1074.000000	113980.000000	15.996140	27.669699	84.927754	37.723365	26.147959	618.000000	1069.000000	45.790816	26.147959	45.790816	28.061224
200805_103809_760715 :: orca:12.2:200805_082005_950952	log/no_ibt_mot17_sdp_0_6_100_100/lk_wrapper_tmpls2_svm_min10_active_pt_svm/MOT17_SDP_0_6_100_100/max_lost0_tracked_oracle	41.812624	73.150714	29.272258	38.897593	97.204208	784.000000	207.000000	221.000000	356.000000	5316.000000	28.188776	0.390895	72248.000000	2078.000000	113491.000000	17.121882	26.582622	84.671963	37.420251	26.403061	666.000000	1034.000000	45.408163	26.403061	45.408163	28.188776
200805_075300_042148 :: orca:13.0:200805_074835_454418	log/no_ibt_mot17_sdp_0_6_100_100/lk_wrapper_tmpls2_svm_min10_active_pt_svm/MOT17_SDP_0_6_100_100/max_lost0_active_oracle_lost_oracle_tracked_oracle	32.765574	95.590494	19.771292	20.391517	98.589166	784.000000	146.000000	155.000000	483.000000	5316.000000	19.770408	0.101956	37875.000000	542.000000	147864.000000	5.296320	24.961360	84.121557	20.041564	18.622449	108.000000	509.000000	61.607143	18.622449	61.607143	19.770408

200805_142633_810595 :: grs:12.0:200805_082035_487567	log/no_ibt_mot17_sdp_0_6_100_100/lk_wrapper_tmpls2_svm_min10_active_pt_svm/MOT17_SDP_0_6_100_100/max_lost0_active_pos	42.501587	74.406109	29.746580	38.837832	97.146359	784.000000	213.000000	211.000000	360.000000	5316.000000	26.913265	0.398608	72137.000000	2119.000000	113602.000000	15.474602	25.979823	84.900725	37.373411	27.168367	601.000000	1009.000000	45.918367	27.168367	45.918367	26.913265
200805_145204_655378 :: grs:12.1:200805_082035_487647	log/no_ibt_mot17_sdp_0_6_100_100/lk_wrapper_tmpls2_svm_min10_active_pt_svm/MOT17_SDP_0_6_100_100/max_lost0_lost_pos	27.862515	47.839134	19.655000	38.557869	93.847626	784.000000	195.000000	250.000000	339.000000	5316.000000	31.887755	0.883183	71617.000000	4695.000000	114122.000000	142.201843	62.736870	84.291183	33.078137	24.872449	5483.000000	2419.000000	43.239796	24.872449	43.239796	31.887755
200805_131424_291720 :: grs:12.2:200805_082035_487673	log/no_ibt_mot17_sdp_0_6_100_100/lk_wrapper_tmpls2_svm_min10_active_pt_svm/MOT17_SDP_0_6_100_100/max_lost0_tracked_pos	42.781530	74.912775	29.939862	38.870135	97.257284	784.000000	210.000000	216.000000	358.000000	5316.000000	27.551020	0.382995	72197.000000	2036.000000	113542.000000	14.921482	24.440358	84.795519	37.461707	26.785714	580.000000	950.000000	45.663265	26.785714	45.663265	27.551020
200805_124926_820666 :: grs:13.0:200805_082035_487693	log/no_ibt_mot17_sdp_0_6_100_100/lk_wrapper_tmpls2_svm_min10_active_pt_svm/MOT17_SDP_0_6_100_100/max_lost0_active_pos_lost_pos_tracked_pos	29.441426	50.962303	20.700015	38.618707	95.077143	784.000000	193.000000	256.000000	335.000000	5316.000000	32.653061	0.698646	71730.000000	3714.000000	114009.000000	75.869967	48.163187	84.294868	35.041644	24.617347	2930.000000	1860.000000	42.729592	24.617347	42.729592	32.653061

200805_110938_462816 :: orca:12.0:200805_082006_091786	log/no_ibt_mot17_sdp_0_6_100_100/lk_wrapper_tmpls2_svm_min10_active_pt_svm/MOT17_SDP_0_6_100_100/max_lost0_active_random	41.741258	73.728490	29.111280	38.446961	97.372440	784.000000	196.000000	218.000000	370.000000	5316.000000	27.806122	0.362491	71411.000000	1927.000000	114328.000000	14.695570	25.021484	84.891757	37.105293	25.000000	565.000000	962.000000	47.193878	25.000000	47.193878	27.806122
200805_123933_434169 :: orca:12.1:200805_082006_091889	log/no_ibt_mot17_sdp_0_6_100_100/lk_wrapper_tmpls2_svm_min10_active_pt_svm/MOT17_SDP_0_6_100_100/max_lost0_lost_random	23.469082	38.698304	16.841374	38.099699	87.545928	784.000000	167.000000	285.000000	332.000000	5316.000000	36.352041	1.893717	70766.000000	10067.000000	114973.000000	207.796917	94.856392	83.749754	28.417295	21.301020	7917.000000	3614.000000	42.346939	21.301020	42.346939	36.352041
200805_130825_395560 :: orca:12.2:200805_082006_091927	log/no_ibt_mot17_sdp_0_6_100_100/lk_wrapper_tmpls2_svm_min10_active_pt_svm/MOT17_SDP_0_6_100_100/max_lost0_tracked_random	40.281709	70.720100	28.161022	38.642396	97.041724	784.000000	211.000000	214.000000	359.000000	5316.000000	27.295918	0.411588	71774.000000	2188.000000	113965.000000	20.417989	29.760059	84.746595	37.039609	26.913265	789.000000	1150.000000	45.790816	26.913265	45.790816	27.295918
200805_120157_209108 :: orca:13.0:200805_082006_091957	log/no_ibt_mot17_sdp_0_6_100_100/lk_wrapper_tmpls2_svm_min10_active_pt_svm/MOT17_SDP_0_6_100_100/max_lost0_active_random_lost_random_tracked_random	14.011999	21.800921	10.323626	36.885091	77.892104	784.000000	130.000000	314.000000	340.000000	5316.000000	40.051020	3.657825	68510.000000	19445.000000	117229.000000	413.283508	167.005144	82.818932	18.208885	16.581633	15244.000000	6160.000000	43.367347	16.581633	43.367347	40.051020

200806_041030_299413 :: x99:12.0:200805_081931_239089	log/no_ibt_mot17_sdp_0_6_100_100/lk_wrapper_tmpls2_svm_min10_active_pt_svm/MOT17_SDP_0_6_100_100/max_lost0_trd4	43.076467	73.306417	30.499249	39.900613	95.903050	784.000000	239.000000	210.000000	335.000000	5316.000000	26.785714	0.595561	74111.000000	3166.000000	111628.000000	17.769150	22.806667	84.622550	37.814352	30.484694	709.000000	910.000000	42.729592	30.484694	42.729592	26.785714
200806_054219_870602 :: x99:12.1:200805_081931_239167	log/no_ibt_mot17_sdp_0_6_100_100/lk_wrapper_tmpls2_svm_min10_active_pt_svm/MOT17_SDP_0_6_100_100/max_lost0_trd9	43.015164	70.854693	30.881506	40.590291	93.130582	784.000000	236.000000	225.000000	323.000000	5316.000000	28.698980	1.046087	75392.000000	5561.000000	110347.000000	18.181688	23.971250	84.323571	37.198973	30.102041	738.000000	973.000000	41.198980	30.102041	41.198980	28.698980
200806_065038_812041 :: x99:12.2:200805_081931_239185	log/no_ibt_mot17_sdp_0_6_100_100/lk_wrapper_tmpls2_svm_min10_active_pt_svm/MOT17_SDP_0_6_100_100/max_lost0_trd14	42.962211	70.070024	30.977878	40.698507	92.057480	784.000000	232.000000	233.000000	319.000000	5316.000000	29.719388	1.226862	75593.000000	6522.000000	110146.000000	16.929368	23.661802	84.148524	36.816178	29.591837	689.000000	963.000000	40.688776	29.591837	40.688776	29.719388
200806_082031_927206 :: x99:13.0:200805_081931_239200	log/no_ibt_mot17_sdp_0_6_100_100/lk_wrapper_tmpls2_svm_min10_active_pt_svm/MOT17_SDP_0_6_100_100/max_lost0_trd24	43.509162	69.949070	31.574414	40.659205	90.075262	784.000000	235.000000	228.000000	321.000000	5316.000000	29.081633	1.565275	75520.000000	8321.000000	110219.000000	16.503028	23.094402	84.033225	35.818003	29.974490	671.000000	939.000000	40.943878	29.974490	40.943878	29.081633

200805_172911_015636 :: x99:12.0:200805_081930_977964	log/no_ibt_mot17_sdp_0_6_100_100/lk_wrapper_tmpls2_svm_min10_active_pt_svm/MOT17_SDP_0_6_100_100/max_lost0_trd4_lost_oracle	44.444956	77.404778	31.171698	39.770861	98.758005	784.000000	232.000000	198.000000	354.000000	5316.000000	25.255102	0.174755	73870.000000	929.000000	111869.000000	14.860126	17.475106	85.158395	38.952509	29.591837	591.000000	695.000000	45.153061	29.591837	45.153061	25.255102
200805_174907_631971 :: x99:12.1:200805_081930_978020	log/no_ibt_mot17_sdp_0_6_100_100/lk_wrapper_tmpls2_svm_min10_active_pt_svm/MOT17_SDP_0_6_100_100/max_lost0_trd9_lost_oracle	47.389331	81.388794	33.425936	40.447079	98.484570	784.000000	244.000000	200.000000	340.000000	5316.000000	25.510204	0.217457	75126.000000	1156.000000	110613.000000	11.941530	17.603249	84.922145	39.564658	31.122449	483.000000	712.000000	43.367347	31.122449	43.367347	25.510204
200805_180123_609541 :: x99:12.2:200805_081930_978031	log/no_ibt_mot17_sdp_0_6_100_100/lk_wrapper_tmpls2_svm_min10_active_pt_svm/MOT17_SDP_0_6_100_100/max_lost0_trd14_lost_oracle	48.114696	82.346496	33.986400	40.591906	98.351139	784.000000	244.000000	200.000000	340.000000	5316.000000	25.510204	0.237773	75395.000000	1264.000000	110344.000000	10.691787	17.294088	84.828013	39.677720	31.122449	434.000000	702.000000	43.367347	31.122449	43.367347	25.510204
200805_181637_990574 :: x99:13.0:200805_081930_978042	log/no_ibt_mot17_sdp_0_6_100_100/lk_wrapper_tmpls2_svm_min10_active_pt_svm/MOT17_SDP_0_6_100_100/max_lost0_trd24_lost_oracle	48.482381	82.659522	34.300282	40.730810	98.156317	784.000000	246.000000	200.000000	338.000000	5316.000000	25.510204	0.267306	75653.000000	1421.000000	110086.000000	10.213399	17.431522	84.744313	39.741788	31.377551	416.000000	710.000000	43.112245	31.377551	43.112245	25.510204



200804_223936_403674 :: grs:12.0:200804_223846_648717	log/no_ibt_gram_0_2_40_n60/lk_wrapper_tmpls2_svm_min10_active_pt_svm/GRAM_0_2_40_40/max_lost0_active_abs	43.892298	34.631613	59.913498	63.097638	36.472132	307.000000	203.000000	94.000000	10.000000	16138.000000	30.618893	3.479861	32241.000000	56158.000000	18856.000000	1.537300	5.848079	72.705266	-46.996888	66.123779	97.000000	369.000000	3.257329	66.123779	3.257329	30.618893
200805_162616_098399 :: grs:12.0:200805_082035_745460	log/no_ibt_gram_0_2_40_n60/lk_wrapper_tmpls2_svm_min10_active_pt_svm/GRAM_0_2_40_40/max_lost0_active_abs	66.491362	73.989063	60.373407	63.342271	77.627476	307.000000	208.000000	91.000000	8.000000	16138.000000	29.641694	0.578015	32366.000000	9328.000000	18731.000000	1.436639	6.456984	72.768015	44.908703	67.752443	91.000000	409.000000	2.605863	67.752443	2.605863	29.641694
200804_223936_395149 :: grs:13.0:200804_223846_648853	log/no_ibt_gram_0_2_40_n60/lk_wrapper_tmpls2_svm_min10_active_pt_svm/GRAM_0_2_40_40/max_lost0_active_abs_lost_abs_tracked_abs	43.892298	34.631613	59.913498	63.097638	36.472132	307.000000	203.000000	94.000000	10.000000	16138.000000	30.618893	3.479861	32241.000000	56158.000000	18856.000000	1.537300	5.848079	72.705266	-46.996888	66.123779	97.000000	369.000000	3.257329	66.123779	3.257329	30.618893
200805_144310_559104 :: grs:13.0:200805_082035_745589	log/no_ibt_gram_0_2_40_n60/lk_wrapper_tmpls2_svm_min10_active_pt_svm/GRAM_0_2_40_40/max_lost0_active_abs_lost_abs_tracked_abs	95.072739	98.113483	92.214807	93.524082	99.506507	307.000000	294.000000	11.000000	2.000000	16138.000000	3.583062	0.014686	47788.000000	237.000000	3309.000000	0.128309	0.139002	99.836220	93.036773	95.765472	12.000000	13.000000	0.651466	95.765472	0.651466	3.583062
200804_114150_555354 :: orca:12.0:200804_114138_219758	log/no_ibt_gram_0_2_40_n60/lk_wrapper_tmpls2_svm_min10_active_pt_svm/GRAM_0_2_40_40/max_lost0_active_oracle	65.539012	77.113347	56.985733	57.553281	77.881356	307.000000	187.000000	86.000000	34.000000	16138.000000	28.013029	0.517536	29408.000000	8352.000000	21689.000000	0.121626	4.951933	73.049751	41.194199	60.912052	7.000000	285.000000	11.074919	60.912052	11.074919	28.013029
200804_114150_491671 :: orca:13.0:200804_114138_219865	log/no_ibt_gram_0_2_40_n60/lk_wrapper_tmpls2_svm_min10_active_pt_svm/GRAM_0_2_40_40/max_lost0_active_oracle_lost_oracle_tracked_oracle	71.622708	90.389835	59.308766	59.406619	90.538969	307.000000	196.000000	84.000000	27.000000	16138.000000	27.361564	0.196555	30355.000000	3172.000000	20742.000000	0.134665	4.932110	72.675494	53.183161	63.843648	8.000000	293.000000	8.794788	63.843648	8.794788	27.361564
200805_074725_082740 :: orca:13.0:200805_074712_822109	log/no_ibt_gram_0_2_40_n60/lk_wrapper_tmpls2_svm_min10_active_pt_svm/GRAM_0_2_40_40/max_lost0_active_oracle_lost_oracle_tracked_oracle	71.622708	90.389835	59.308766	59.406619	90.538969	307.000000	196.000000	84.000000	27.000000	16138.000000	27.361564	0.196555	30355.000000	3172.000000	20742.000000	0.134665	4.932110	72.675494	53.183161	63.843648	8.000000	293.000000	8.794788	63.843648	8.794788	27.361564
200805_135004_158147 :: orca:13.0:200805_082006_283065	log/no_ibt_gram_0_2_40_n60/lk_wrapper_tmpls2_svm_min10_active_pt_svm/GRAM_0_2_40_40/max_lost0_active_oracle_lost_oracle_tracked_oracle	71.622708	90.389835	59.308766	59.406619	90.538969	307.000000	196.000000	84.000000	27.000000	16138.000000	27.361564	0.196555	30355.000000	3172.000000	20742.000000	0.134665	4.932110	72.675494	53.183161	63.843648	8.000000	293.000000	8.794788	63.843648	8.794788	27.361564
200804_224012_359328 :: grs:12.0:200804_223846_692149	log/no_ibt_gram_0_2_40_n60/lk_wrapper_tmpls2_svm_min10_active_pt_svm/GRAM_0_2_40_40/max_lost0_active_pos	43.892298	34.631613	59.913498	63.097638	36.472132	307.000000	203.000000	94.000000	10.000000	16138.000000	30.618893	3.479861	32241.000000	56158.000000	18856.000000	1.537300	5.848079	72.705266	-46.996888	66.123779	97.000000	369.000000	3.257329	66.123779	3.257329	30.618893
200805_170235_460617 :: grs:12.0:200805_082035_826880	log/no_ibt_gram_0_2_40_n60/lk_wrapper_tmpls2_svm_min10_active_pt_svm/GRAM_0_2_40_40/max_lost0_active_pos	43.892298	34.631613	59.913498	63.097638	36.472132	307.000000	203.000000	94.000000	10.000000	16138.000000	30.618893	3.479861	32241.000000	56158.000000	18856.000000	1.537300	5.848079	72.705266	-46.996888	66.123779	97.000000	369.000000	3.257329	66.123779	3.257329	30.618893
200804_224012_367454 :: grs:13.0:200804_223846_692287	log/no_ibt_gram_0_2_40_n60/lk_wrapper_tmpls2_svm_min10_active_pt_svm/GRAM_0_2_40_40/max_lost0_active_pos_lost_pos_tracked_pos	43.892298	34.631613	59.913498	63.097638	36.472132	307.000000	203.000000	94.000000	10.000000	16138.000000	30.618893	3.479861	32241.000000	56158.000000	18856.000000	1.537300	5.848079	72.705266	-46.996888	66.123779	97.000000	369.000000	3.257329	66.123779	3.257329	30.618893
200805_151627_126251 :: grs:13.0:200805_082035_827055	log/no_ibt_gram_0_2_40_n60/lk_wrapper_tmpls2_svm_min10_active_pt_svm/GRAM_0_2_40_40/max_lost0_active_pos_lost_pos_tracked_pos	41.574338	32.348619	58.161927	63.631916	35.390929	307.000000	204.000000	95.000000	8.000000	16138.000000	30.944625	3.678089	32514.000000	59357.000000	18583.000000	2.498746	6.301869	72.369773	-52.844590	66.449511	159.000000	401.000000	2.605863	66.449511	2.605863	30.944625
200804_114224_425638 :: orca:12.0:200804_114138_285713	log/no_ibt_gram_0_2_40_n60/lk_wrapper_tmpls2_svm_min10_active_pt_svm/GRAM_0_2_40_40/max_lost0_active_random	44.092764	35.017963	59.516214	62.946944	37.036525	307.000000	201.000000	95.000000	11.000000	16138.000000	30.944625	3.388276	32164.000000	54680.000000	18933.000000	1.652185	5.989171	72.751558	-44.268744	65.472313	104.000000	377.000000	3.583062	65.472313	3.583062	30.944625
200805_080259_823694 :: orca:12.0:200805_074712_871975	log/no_ibt_gram_0_2_40_n60/lk_wrapper_tmpls2_svm_min10_active_pt_svm/GRAM_0_2_40_40/max_lost0_active_random	44.092764	35.017963	59.516214	62.946944	37.036525	307.000000	201.000000	95.000000	11.000000	16138.000000	30.944625	3.388276	32164.000000	54680.000000	18933.000000	1.652185	5.989171	72.751558	-44.268744	65.472313	104.000000	377.000000	3.583062	65.472313	3.583062	30.944625
200805_131052_005236 :: orca:12.0:200805_082006_335381	log/no_ibt_gram_0_2_40_n60/lk_wrapper_tmpls2_svm_min10_active_pt_svm/GRAM_0_2_40_40/max_lost0_active_random	44.430893	35.316521	59.886099	62.854962	37.067344	307.000000	201.000000	96.000000	10.000000	16138.000000	31.270358	3.378857	32117.000000	54528.000000	18980.000000	1.511416	6.093393	72.719150	-44.045639	65.472313	95.000000	383.000000	3.257329	65.472313	3.257329	31.270358
200804_114226_832365 :: orca:13.0:200804_114138_285826	log/no_ibt_gram_0_2_40_n60/lk_wrapper_tmpls2_svm_min10_active_pt_svm/GRAM_0_2_40_40/max_lost0_active_random_lost_random_tracked_random	29.298494	21.827143	44.546647	60.637611	29.711458	307.000000	185.000000	113.000000	9.000000	16138.000000	36.807818	4.542013	30984.000000	73299.000000	20113.000000	26.633635	14.825782	72.826790	-85.973736	60.260586	1615.000000	899.000000	2.931596	60.260586	2.931596	36.807818
200805_074800_789461 :: orca:13.0:200805_074712_872073	log/no_ibt_gram_0_2_40_n60/lk_wrapper_tmpls2_svm_min10_active_pt_svm/GRAM_0_2_40_40/max_lost0_active_random_lost_random_tracked_random	29.298494	21.827143	44.546647	60.637611	29.711458	307.000000	185.000000	113.000000	9.000000	16138.000000	36.807818	4.542013	30984.000000	73299.000000	20113.000000	26.633635	14.825782	72.826790	-85.973736	60.260586	1615.000000	899.000000	2.931596	60.260586	2.931596	36.807818
200805_150648_562465 :: orca:13.0:200805_082006_335502	log/no_ibt_gram_0_2_40_n60/lk_wrapper_tmpls2_svm_min10_active_pt_svm/GRAM_0_2_40_40/max_lost0_active_random_lost_random_tracked_random	28.779857	21.436101	43.777521	60.132689	29.444572	307.000000	174.000000	123.000000	10.000000	16138.000000	40.065147	4.562275	30726.000000	73626.000000	20371.000000	26.807383	15.515687	72.754530	-87.112746	56.677524	1612.000000	933.000000	3.257329	56.677524	3.257329	40.065147
200804_223937_073282 :: grs:12.1:200804_223846_648801	log/no_ibt_gram_0_2_40_n60/lk_wrapper_tmpls2_svm_min10_active_pt_svm/GRAM_0_2_40_40/max_lost0_lost_abs	43.892298	34.631613	59.913498	63.097638	36.472132	307.000000	203.000000	94.000000	10.000000	16138.000000	30.618893	3.479861	32241.000000	56158.000000	18856.000000	1.537300	5.848079	72.705266	-46.996888	66.123779	97.000000	369.000000	3.257329	66.123779	3.257329	30.618893
200805_170619_932890 :: grs:12.1:200805_082035_745538	log/no_ibt_gram_0_2_40_n60/lk_wrapper_tmpls2_svm_min10_active_pt_svm/GRAM_0_2_40_40/max_lost0_lost_abs	78.381124	85.317762	72.487622	73.884964	86.962431	307.000000	280.000000	18.000000	9.000000	16138.000000	5.863192	0.350725	37753.000000	5660.000000	13344.000000	0.378967	0.406037	93.388417	62.753195	91.205212	28.000000	30.000000	2.931596	91.205212	2.931596	5.863192
200804_114150_879310 :: orca:12.1:200804_114138_219824	log/no_ibt_gram_0_2_40_n60/lk_wrapper_tmpls2_svm_min10_active_pt_svm/GRAM_0_2_40_40/max_lost0_lost_oracle	66.656425	75.867409	59.439889	61.436092	78.415307	307.000000	190.000000	101.000000	16.000000	16138.000000	32.899023	0.535444	31392.000000	8641.000000	19705.000000	0.781300	5.729531	72.756476	44.431180	61.889251	48.000000	352.000000	5.211726	61.889251	5.211726	32.899023
200805_074725_408230 :: orca:12.1:200805_074712_822069	log/no_ibt_gram_0_2_40_n60/lk_wrapper_tmpls2_svm_min10_active_pt_svm/GRAM_0_2_40_40/max_lost0_lost_oracle	66.656425	75.867409	59.439889	61.436092	78.415307	307.000000	190.000000	101.000000	16.000000	16138.000000	32.899023	0.535444	31392.000000	8641.000000	19705.000000	0.781300	5.729531	72.756476	44.431180	61.889251	48.000000	352.000000	5.211726	61.889251	5.211726	32.899023
200805_140644_856138 :: orca:12.1:200805_082006_283017	log/no_ibt_gram_0_2_40_n60/lk_wrapper_tmpls2_svm_min10_active_pt_svm/GRAM_0_2_40_40/max_lost0_lost_oracle	66.656425	75.867409	59.439889	61.436092	78.415307	307.000000	190.000000	101.000000	16.000000	16138.000000	32.899023	0.535444	31392.000000	8641.000000	19705.000000	0.781300	5.729531	72.756476	44.431180	61.889251	48.000000	352.000000	5.211726	61.889251	5.211726	32.899023
200804_224013_783677 :: grs:12.1:200804_223846_692241	log/no_ibt_gram_0_2_40_n60/lk_wrapper_tmpls2_svm_min10_active_pt_svm/GRAM_0_2_40_40/max_lost0_lost_pos	43.892298	34.631613	59.913498	63.097638	36.472132	307.000000	203.000000	94.000000	10.000000	16138.000000	30.618893	3.479861	32241.000000	56158.000000	18856.000000	1.537300	5.848079	72.705266	-46.996888	66.123779	97.000000	369.000000	3.257329	66.123779	3.257329	30.618893
200805_172745_047753 :: grs:12.1:200805_082035_826961	log/no_ibt_gram_0_2_40_n60/lk_wrapper_tmpls2_svm_min10_active_pt_svm/GRAM_0_2_40_40/max_lost0_lost_pos	55.779271	55.420965	56.142239	61.310840	60.523164	307.000000	189.000000	102.000000	16.000000	16138.000000	33.224756	1.266204	31328.000000	20434.000000	19769.000000	1.973550	6.230546	72.698363	21.083430	61.563518	121.000000	382.000000	5.211726	61.563518	5.211726	33.224756
200804_114223_615592 :: orca:12.1:200804_114138_285789	log/no_ibt_gram_0_2_40_n60/lk_wrapper_tmpls2_svm_min10_active_pt_svm/GRAM_0_2_40_40/max_lost0_lost_random	48.897711	47.719102	50.136016	59.547527	56.676912	307.000000	171.000000	120.000000	16.000000	16138.000000	39.087948	1.441195	30427.000000	23258.000000	20670.000000	12.393462	8.497414	72.675395	12.585866	55.700326	738.000000	506.000000	5.211726	55.700326	5.211726	39.087948
200805_074757_134543 :: orca:12.1:200805_074712_872040	log/no_ibt_gram_0_2_40_n60/lk_wrapper_tmpls2_svm_min10_active_pt_svm/GRAM_0_2_40_40/max_lost0_lost_random	48.897711	47.719102	50.136016	59.547527	56.676912	307.000000	171.000000	120.000000	16.000000	16138.000000	39.087948	1.441195	30427.000000	23258.000000	20670.000000	12.393462	8.497414	72.675395	12.585866	55.700326	738.000000	506.000000	5.211726	55.700326	5.211726	39.087948
200805_143628_272423 :: orca:12.1:200805_082006_335463	log/no_ibt_gram_0_2_40_n60/lk_wrapper_tmpls2_svm_min10_active_pt_svm/GRAM_0_2_40_40/max_lost0_lost_random	48.895654	47.861454	49.975537	59.206998	56.702403	307.000000	166.000000	122.000000	19.000000	16138.000000	39.739414	1.431466	30253.000000	23101.000000	20844.000000	12.633642	9.204993	72.733524	12.533025	54.071661	748.000000	545.000000	6.188925	54.071661	6.188925	39.739414
200804_223936_339553 :: grs:12.2:200804_223846_648829	log/no_ibt_gram_0_2_40_n60/lk_wrapper_tmpls2_svm_min10_active_pt_svm/GRAM_0_2_40_40/max_lost0_tracked_abs	43.892298	34.631613	59.913498	63.097638	36.472132	307.000000	203.000000	94.000000	10.000000	16138.000000	30.618893	3.479861	32241.000000	56158.000000	18856.000000	1.537300	5.848079	72.705266	-46.996888	66.123779	97.000000	369.000000	3.257329	66.123779	3.257329	30.618893
200805_152922_551002 :: grs:12.2:200805_082035_745567	log/no_ibt_gram_0_2_40_n60/lk_wrapper_tmpls2_svm_min10_active_pt_svm/GRAM_0_2_40_40/max_lost0_tracked_abs	64.282703	65.975155	62.674912	68.461945	72.066913	307.000000	253.000000	41.000000	13.000000	16138.000000	13.355049	0.840191	34982.000000	13559.000000	16115.000000	2.176392	1.489879	95.433055	41.634538	82.410423	149.000000	102.000000	4.234528	82.410423	4.234528	13.355049
200804_114150_491639 :: orca:12.2:200804_114138_219845	log/no_ibt_gram_0_2_40_n60/lk_wrapper_tmpls2_svm_min10_active_pt_svm/GRAM_0_2_40_40/max_lost0_tracked_oracle	60.288882	62.390353	58.324363	60.817661	65.057466	307.000000	189.000000	104.000000	14.000000	16138.000000	33.876221	1.034267	31076.000000	16691.000000	20021.000000	0.904343	5.393170	72.919931	28.044699	61.563518	55.000000	328.000000	4.560261	61.563518	4.560261	33.876221
200805_074726_230473 :: orca:12.2:200805_074712_822091	log/no_ibt_gram_0_2_40_n60/lk_wrapper_tmpls2_svm_min10_active_pt_svm/GRAM_0_2_40_40/max_lost0_tracked_oracle	60.288882	62.390353	58.324363	60.817661	65.057466	307.000000	189.000000	104.000000	14.000000	16138.000000	33.876221	1.034267	31076.000000	16691.000000	20021.000000	0.904343	5.393170	72.919931	28.044699	61.563518	55.000000	328.000000	4.560261	61.563518	4.560261	33.876221
200805_150059_794122 :: orca:12.2:200805_082006_283043	log/no_ibt_gram_0_2_40_n60/lk_wrapper_tmpls2_svm_min10_active_pt_svm/GRAM_0_2_40_40/max_lost0_tracked_oracle	60.288882	62.390353	58.324363	60.817661	65.057466	307.000000	189.000000	104.000000	14.000000	16138.000000	33.876221	1.034267	31076.000000	16691.000000	20021.000000	0.904343	5.393170	72.919931	28.044699	61.563518	55.000000	328.000000	4.560261	61.563518	4.560261	33.876221
200804_224011_882697 :: grs:12.2:200804_223846_692268	log/no_ibt_gram_0_2_40_n60/lk_wrapper_tmpls2_svm_min10_active_pt_svm/GRAM_0_2_40_40/max_lost0_tracked_pos	43.892298	34.631613	59.913498	63.097638	36.472132	307.000000	203.000000	94.000000	10.000000	16138.000000	30.618893	3.479861	32241.000000	56158.000000	18856.000000	1.537300	5.848079	72.705266	-46.996888	66.123779	97.000000	369.000000	3.257329	66.123779	3.257329	30.618893
200805_155032_670399 :: grs:12.2:200805_082035_826985	log/no_ibt_gram_0_2_40_n60/lk_wrapper_tmpls2_svm_min10_active_pt_svm/GRAM_0_2_40_40/max_lost0_tracked_pos	60.882401	62.971871	58.927139	61.122962	65.318415	307.000000	192.000000	99.000000	16.000000	16138.000000	32.247557	1.027575	31232.000000	16583.000000	19865.000000	0.785302	5.071744	72.584447	28.575063	62.540717	48.000000	310.000000	5.211726	62.540717	5.211726	32.247557
200804_114222_890794 :: orca:12.2:200804_114138_285809	log/no_ibt_gram_0_2_40_n60/lk_wrapper_tmpls2_svm_min10_active_pt_svm/GRAM_0_2_40_40/max_lost0_tracked_random	59.804704	61.779187	57.952522	60.555414	64.553951	307.000000	188.000000	103.000000	16.000000	16138.000000	33.550489	1.052795	30942.000000	16990.000000	20155.000000	0.858718	5.449554	73.007770	27.203163	61.237785	52.000000	330.000000	5.211726	61.237785	5.211726	33.550489
200805_074758_565882 :: orca:12.2:200805_074712_872058	log/no_ibt_gram_0_2_40_n60/lk_wrapper_tmpls2_svm_min10_active_pt_svm/GRAM_0_2_40_40/max_lost0_tracked_random	59.804704	61.779187	57.952522	60.555414	64.553951	307.000000	188.000000	103.000000	16.000000	16138.000000	33.550489	1.052795	30942.000000	16990.000000	20155.000000	0.858718	5.449554	73.007770	27.203163	61.237785	52.000000	330.000000	5.211726	61.237785	5.211726	33.550489
200805_153413_257609 :: orca:12.2:200805_082006_335484	log/no_ibt_gram_0_2_40_n60/lk_wrapper_tmpls2_svm_min10_active_pt_svm/GRAM_0_2_40_40/max_lost0_tracked_random	59.770903	61.649506	58.003405	60.627826	64.438898	307.000000	190.000000	102.000000	15.000000	16138.000000	33.224756	1.059363	30979.000000	17096.000000	20118.000000	0.890680	5.574998	73.004629	27.064211	61.889251	54.000000	338.000000	4.885993	61.889251	4.885993	33.224756
200804_114227_926075 :: x99:12.0:200804_114148_588326	log/no_ibt_gram_0_2_40_n60/lk_wrapper_tmpls2_svm_min10_active_pt_svm/GRAM_0_2_40_40/max_lost0_trd4	55.586170	58.076554	53.300585	61.025109	66.493230	307.000000	188.000000	98.000000	21.000000	16138.000000	31.921824	0.973665	31182.000000	15713.000000	19915.000000	5.866438	4.965169	72.580997	29.573165	61.237785	358.000000	303.000000	6.840391	61.237785	6.840391	31.921824
200805_074810_106608 :: x99:12.0:200805_074723_058306	log/no_ibt_gram_0_2_40_n60/lk_wrapper_tmpls2_svm_min10_active_pt_svm/GRAM_0_2_40_40/max_lost0_trd4	55.586170	58.076554	53.300585	61.025109	66.493230	307.000000	188.000000	98.000000	21.000000	16138.000000	31.921824	0.973665	31182.000000	15713.000000	19915.000000	5.866438	4.965169	72.580997	29.573165	61.237785	358.000000	303.000000	6.840391	61.237785	6.840391	31.921824
200804_114200_232651 :: x99:12.0:200804_114148_512769	log/no_ibt_gram_0_2_40_n60/lk_wrapper_tmpls2_svm_min10_active_pt_svm/GRAM_0_2_40_40/max_lost0_trd4_lost_oracle	62.971229	71.845367	56.048300	61.749222	79.153078	307.000000	198.000000	94.000000	15.000000	16138.000000	30.618893	0.514934	31552.000000	8310.000000	19545.000000	2.801655	4.825972	73.207401	45.147465	64.495114	173.000000	298.000000	4.885993	64.495114	4.885993	30.618893
200805_074735_109738 :: x99:12.0:200805_074722_981791	log/no_ibt_gram_0_2_40_n60/lk_wrapper_tmpls2_svm_min10_active_pt_svm/GRAM_0_2_40_40/max_lost0_trd4_lost_oracle	62.971229	71.845367	56.048300	61.749222	79.153078	307.000000	198.000000	94.000000	15.000000	16138.000000	30.618893	0.514934	31552.000000	8310.000000	19545.000000	2.801655	4.825972	73.207401	45.147465	64.495114	173.000000	298.000000	4.885993	64.495114	4.885993	30.618893
200804_114228_662137 :: x99:12.1:200804_114148_588514	log/no_ibt_gram_0_2_40_n60/lk_wrapper_tmpls2_svm_min10_active_pt_svm/GRAM_0_2_40_40/max_lost0_trd9	55.994148	55.813953	56.175509	61.580915	61.184569	307.000000	197.000000	91.000000	19.000000	16138.000000	29.641694	1.236956	31466.000000	19962.000000	19631.000000	3.020416	5.115221	72.394265	22.150028	64.169381	186.000000	315.000000	6.188925	64.169381	6.188925	29.641694
200805_074812_324282 :: x99:12.1:200805_074723_058429	log/no_ibt_gram_0_2_40_n60/lk_wrapper_tmpls2_svm_min10_active_pt_svm/GRAM_0_2_40_40/max_lost0_trd9	55.994148	55.813953	56.175509	61.580915	61.184569	307.000000	197.000000	91.000000	19.000000	16138.000000	29.641694	1.236956	31466.000000	19962.000000	19631.000000	3.020416	5.115221	72.394265	22.150028	64.169381	186.000000	315.000000	6.188925	64.169381	6.188925	29.641694
200804_114200_033166 :: x99:12.1:200804_114148_513234	log/no_ibt_gram_0_2_40_n60/lk_wrapper_tmpls2_svm_min10_active_pt_svm/GRAM_0_2_40_40/max_lost0_trd9_lost_oracle	67.579284	75.956137	60.866587	63.193534	78.859962	307.000000	213.000000	81.000000	13.000000	16138.000000	26.384365	0.536374	32290.000000	8656.000000	18807.000000	0.807045	4.810619	72.967870	46.153395	69.381107	51.000000	304.000000	4.234528	69.381107	4.234528	26.384365
200805_074735_513470 :: x99:12.1:200805_074722_981885	log/no_ibt_gram_0_2_40_n60/lk_wrapper_tmpls2_svm_min10_active_pt_svm/GRAM_0_2_40_40/max_lost0_trd9_lost_oracle	67.579284	75.956137	60.866587	63.193534	78.859962	307.000000	213.000000	81.000000	13.000000	16138.000000	26.384365	0.536374	32290.000000	8656.000000	18807.000000	0.807045	4.810619	72.967870	46.153395	69.381107	51.000000	304.000000	4.234528	69.381107	4.234528	26.384365
200804_114229_731356 :: x99:12.2:200804_114148_588537	log/no_ibt_gram_0_2_40_n60/lk_wrapper_tmpls2_svm_min10_active_pt_svm/GRAM_0_2_40_40/max_lost0_trd14	56.226238	55.052134	57.451514	61.537859	58.967819	307.000000	198.000000	91.000000	18.000000	16138.000000	29.641694	1.355806	31444.000000	21880.000000	19653.000000	2.145021	4.940048	72.335980	18.459009	64.495114	132.000000	304.000000	5.863192	64.495114	5.863192	29.641694
200805_074808_943237 :: x99:12.2:200805_074723_058455	log/no_ibt_gram_0_2_40_n60/lk_wrapper_tmpls2_svm_min10_active_pt_svm/GRAM_0_2_40_40/max_lost0_trd14	56.226238	55.052134	57.451514	61.537859	58.967819	307.000000	198.000000	91.000000	18.000000	16138.000000	29.641694	1.355806	31444.000000	21880.000000	19653.000000	2.145021	4.940048	72.335980	18.459009	64.495114	132.000000	304.000000	5.863192	64.495114	5.863192	29.641694
200804_114200_193148 :: x99:12.2:200804_114148_513284	log/no_ibt_gram_0_2_40_n60/lk_wrapper_tmpls2_svm_min10_active_pt_svm/GRAM_0_2_40_40/max_lost0_trd14_lost_oracle	67.654182	75.586480	61.228644	63.422510	78.294798	307.000000	214.000000	80.000000	13.000000	16138.000000	26.058632	0.556698	32407.000000	8984.000000	18690.000000	0.709527	4.950924	72.902557	45.752197	69.706840	45.000000	314.000000	4.234528	69.706840	4.234528	26.058632
200805_074735_128073 :: x99:12.2:200805_074722_981908	log/no_ibt_gram_0_2_40_n60/lk_wrapper_tmpls2_svm_min10_active_pt_svm/GRAM_0_2_40_40/max_lost0_trd14_lost_oracle	67.654182	75.586480	61.228644	63.422510	78.294798	307.000000	214.000000	80.000000	13.000000	16138.000000	26.058632	0.556698	32407.000000	8984.000000	18690.000000	0.709527	4.950924	72.902557	45.752197	69.706840	45.000000	314.000000	4.234528	69.706840	4.234528	26.058632
200804_114228_329234 :: x99:13.0:200804_114148_588551	log/no_ibt_gram_0_2_40_n60/lk_wrapper_tmpls2_svm_min10_active_pt_svm/GRAM_0_2_40_40/max_lost0_trd24	55.121557	51.984946	58.660978	61.277570	54.303751	307.000000	199.000000	89.000000	19.000000	16138.000000	28.990228	1.632668	31311.000000	26348.000000	19786.000000	1.452407	5.156862	72.330506	9.538720	64.820847	89.000000	316.000000	6.188925	64.820847	6.188925	28.990228
200805_074809_473112 :: x99:13.0:200805_074723_058480	log/no_ibt_gram_0_2_40_n60/lk_wrapper_tmpls2_svm_min10_active_pt_svm/GRAM_0_2_40_40/max_lost0_trd24	55.121557	51.984946	58.660978	61.277570	54.303751	307.000000	199.000000	89.000000	19.000000	16138.000000	28.990228	1.632668	31311.000000	26348.000000	19786.000000	1.452407	5.156862	72.330506	9.538720	64.820847	89.000000	316.000000	6.188925	64.820847	6.188925	28.990228
200804_114200_059513 :: x99:13.0:200804_114148_513416	log/no_ibt_gram_0_2_40_n60/lk_wrapper_tmpls2_svm_min10_active_pt_svm/GRAM_0_2_40_40/max_lost0_trd24_lost_oracle	67.390626	74.867282	61.271699	63.424467	77.497728	307.000000	215.000000	79.000000	13.000000	16138.000000	25.732899	0.583096	32408.000000	9410.000000	18689.000000	0.693739	4.950771	72.901220	44.922402	70.032573	44.000000	314.000000	4.234528	70.032573	4.234528	25.732899
200805_074735_126880 :: x99:13.0:200805_074722_981927	log/no_ibt_gram_0_2_40_n60/lk_wrapper_tmpls2_svm_min10_active_pt_svm/GRAM_0_2_40_40/max_lost0_trd24_lost_oracle	67.390626	74.867282	61.271699	63.424467	77.497728	307.000000	215.000000	79.000000	13.000000	16138.000000	25.732899	0.583096	32408.000000	9410.000000	18689.000000	0.693739	4.950771	72.901220	44.922402	70.032573	44.000000	314.000000	4.234528	70.032573	4.234528	25.732899


200806_132034_835598 :: x99:13.1:200805_081936_273877	log/no_ibt_detrac_0_59_100_100/lk_wrapper_tmpls2_svm_min10_active_pt_svm/DETRAC_0_59_100_100/max_lost0_active_random_lost_random_tracked_random	34.974513	30.027031	41.873991	76.248104	54.676044	5937.000000	3095.000000	2617.000000	225.000000	83507.000000	44.079501	4.371202	440345.000000	365026.000000	137171.000000	675.400401	446.607827	78.755764	4.124734	52.130706	51498.000000	34053.000000	3.789793	52.130706	3.789793	44.079501
